Time - V_S	Amplitude - V_S	Time - V_R	Amplitude - V_R	Time - V_C	Amplitude - V_C
0	-1,41338	0	-1,20602	0	-3,21336
2,00E-06	-1,98686	2,00E-06	-1,68853	2,00E-06	-2,26603
4,00E-06	-2,1308	4,00E-06	-1,96191	4,00E-06	-1,61817
6,00E-06	-2,23174	6,00E-06	-2,13128	6,00E-06	-1,17028
8,00E-06	-2,30918	8,00E-06	-2,23786	8,00E-06	-0,855362
1,00E-05	-2,35974	1,00E-05	-2,31417	1,00E-05	-0,63254
1,20E-05	-2,39661	1,20E-05	-2,36811	1,20E-05	-0,477177
1,40E-05	-2,42285	1,40E-05	-2,40256	1,40E-05	-0,366732
1,60E-05	-2,44249	1,60E-05	-2,42752	1,60E-05	-0,293478
1,80E-05	-2,45891	1,80E-05	-2,44925	1,80E-05	-0,234713
2,00E-05	-2,47179	2,00E-05	-2,46519	2,00E-05	-0,196878
2,20E-05	-2,47759	2,20E-05	-2,47131	2,20E-05	-0,168382
2,40E-05	-2,48129	2,40E-05	-2,47952	2,40E-05	-0,149706
2,60E-05	-2,48773	2,60E-05	-2,48757	2,60E-05	-0,134894
2,80E-05	-2,4866	2,80E-05	-2,48854	2,80E-05	-0,122497
3,00E-05	-2,48966	3,00E-05	-2,49224	3,00E-05	-0,116218
3,20E-05	-2,49337	3,20E-05	-2,49433	3,20E-05	-0,108973
3,40E-05	-2,49095	3,40E-05	-2,49659	3,40E-05	-0,103821
3,60E-05	-2,49337	3,60E-05	-2,49868	3,60E-05	-0,102855
3,80E-05	-2,49514	3,80E-05	-2,49804	3,80E-05	-0,101084
4,00E-05	-2,49787	4,00E-05	-2,49852	4,00E-05	-0,0999572
4,20E-05	-2,49449	4,20E-05	-2,49723	4,20E-05	-0,0983472
4,40E-05	-2,49546	4,40E-05	-2,50109	4,40E-05	-0,0946443
4,60E-05	-2,49739	4,60E-05	-2,5019	4,60E-05	-0,0960932
4,80E-05	-2,49723	4,80E-05	-2,50045	4,80E-05	-0,0962542
5,00E-05	-2,49659	5,00E-05	-2,50077	5,00E-05	-0,0964152
5,20E-05	-2,49691	5,20E-05	-2,50093	5,20E-05	-0,0959322
5,40E-05	-2,49884	5,40E-05	-2,49997	5,40E-05	-0,0956102
5,60E-05	-2,49804	5,60E-05	-2,50013	5,60E-05	-0,0956102
5,80E-05	-2,49852	5,80E-05	-2,50013	5,80E-05	-0,0968982
6,00E-05	-2,49932	6,00E-05	-2,50061	6,00E-05	-0,0930343
6,20E-05	-2,49771	6,20E-05	-2,50142	6,20E-05	-0,0936783
6,40E-05	-2,49626	6,40E-05	-2,5019	6,40E-05	-0,0935173
6,60E-05	-2,49755	6,60E-05	-2,49948	6,60E-05	-0,0925513
6,80E-05	-2,49739	6,80E-05	-2,49997	6,80E-05	-0,0930343
7,00E-05	-2,49626	7,00E-05	-2,50013	7,00E-05	-0,0962542
7,20E-05	-2,50142	7,20E-05	-2,49836	7,20E-05	-0,0951273
7,40E-05	-2,49932	7,40E-05	-2,49981	7,40E-05	-0,0923903
7,60E-05	-2,49739	7,60E-05	-2,5027	7,60E-05	-0,0968982
7,80E-05	-2,49659	7,80E-05	-2,49836	7,80E-05	-0,0931953
8,00E-05	-2,49868	8,00E-05	-2,49884	8,00E-05	-0,0949663
8,20E-05	-2,49755	8,20E-05	-2,49932	8,20E-05	-0,0957712
8,40E-05	-2,49739	8,40E-05	-2,50142	8,40E-05	-0,0941613
8,60E-05	-2,49643	8,60E-05	-2,49787	8,60E-05	-0,0922293
8,80E-05	-2,49707	8,80E-05	-2,49997	8,80E-05	-0,0941613
9,00E-05	-2,49836	9,00E-05	-2,50013	9,00E-05	-0,0943223
9,20E-05	-2,49578	9,20E-05	-2,50045	9,20E-05	-0,0938393
9,40E-05	-2,49916	9,40E-05	-2,50093	9,40E-05	-0,0940003
9,60E-05	-2,49868	9,60E-05	-2,49981	9,60E-05	-0,0906193
9,80E-05	-2,4982	9,80E-05	-2,49965	9,80E-05	-0,0956102
1,00E-04	-2,4982	1,00E-04	-2,50367	1,00E-04	-0,0973812
0,000102	-2,49916	0,000102	-2,50383	0,000102	-0,0968982
0,000104	-2,49868	0,000104	-2,50206	0,000104	-0,0946443
0,000106	-2,49755	0,000106	-2,50142	0,000106	-0,0936783
0,000108	-2,49723	0,000108	-2,50367	0,000108	-0,0968982
0,00011	-2,49932	0,00011	-2,5027	0,00011	-0,0956102
0,000112	-2,49948	0,000112	-2,50367	0,000112	-0,0959322
0,000114	-2,49562	0,000114	-2,50705	0,000114	-0,0938393
0,000116	-2,49884	0,000116	-2,5056	0,000116	-0,0957712
0,000118	-2,49932	0,000118	-2,50222	0,000118	-0,0952883
0,00012	-2,49707	0,00012	-2,499	0,00012	-0,0930343
0,000122	-2,49948	0,000122	-2,50238	0,000122	-0,0975422
0,000124	-2,50077	0,000124	-2,5027	0,000124	-0,0964152
0,000126	-2,49659	0,000126	-2,50367	0,000126	-0,0940003
0,000128	-2,49916	0,000128	-2,50158	0,000128	-0,0952883
0,00013	-2,49755	0,00013	-2,50303	0,00013	-0,0956102
0,000132	-2,49771	0,000132	-2,50464	0,000132	-0,0952883
0,000134	-2,50045	0,000134	-2,50383	0,000134	-0,0965762
0,000136	-2,50029	0,000136	-2,49852	0,000136	-0,0965762
0,000138	-2,49916	0,000138	-2,50061	0,000138	-0,0927123
0,00014	-2,50045	0,00014	-2,5019	0,00014	-0,0968982
0,000142	-2,49997	0,000142	-2,50077	0,000142	-0,0978642
0,000144	-2,49852	0,000144	-2,50045	0,000144	-0,0946443
0,000146	-2,49916	0,000146	-2,50077	0,000146	-0,0936783
0,000148	-2,50093	0,000148	-2,50351	0,000148	-0,0949663
0,00015	-2,50029	0,00015	-2,50029	0,00015	-0,0943223
0,000152	-2,49836	0,000152	-2,50351	0,000152	-0,0978642
0,000154	-2,49804	0,000154	-2,50319	0,000154	-0,0977032
0,000156	-2,49755	0,000156	-2,50351	0,000156	-0,0915853
0,000158	-2,49401	0,000158	-2,5027	0,000158	-0,0935173
0,00016	-2,49916	0,00016	-2,50109	0,00016	-0,0943223
0,000162	-2,49771	0,000162	-2,50222	0,000162	-0,0938393
0,000164	-2,49884	0,000164	-2,50528	0,000164	-0,0949663
0,000166	-2,4982	0,000166	-2,5019	0,000166	-0,0946443
0,000168	-2,499	0,000168	-2,50238	0,000168	-0,0957712
0,00017	-2,49916	0,00017	-2,50174	0,00017	-0,0936783
0,000172	-2,50013	0,000172	-2,50383	0,000172	-0,0923903
0,000174	-2,50077	0,000174	-2,50415	0,000174	-0,0957712
0,000176	-2,49981	0,000176	-2,50303	0,000176	-0,0959322
0,000178	-2,49804	0,000178	-2,50367	0,000178	-0,0951273
0,00018	-2,50158	0,00018	-2,50335	0,00018	-0,0948053
0,000182	-2,49787	0,000182	-2,50351	0,000182	-0,0936783
0,000184	-2,50029	0,000184	-2,50431	0,000184	-0,0957712
0,000186	-2,50077	0,000186	-2,50013	0,000186	-0,0938393
0,000188	-2,49932	0,000188	-2,50206	0,000188	-0,0952883
0,00019	-2,49965	0,00019	-2,50399	0,00019	-0,0946443
0,000192	-2,49932	0,000192	-2,50174	0,000192	-0,0956102
0,000194	-2,49755	0,000194	-2,50142	0,000194	-0,0964152
0,000196	-2,49707	0,000196	-2,50367	0,000196	-0,0967372
0,000198	-2,49948	0,000198	-2,50383	0,000198	-0,0928733
0,0002	-2,50158	0,0002	-2,50109	0,0002	-0,0940003
0,000202	-2,49965	0,000202	-2,50254	0,000202	-0,0965762
0,000204	-2,50013	0,000204	-2,50528	0,000204	-0,0923903
0,000206	-2,5019	0,000206	-2,50319	0,000206	-0,0920683
0,000208	-2,49804	0,000208	-2,50174	0,000208	-0,0912633
0,00021	-2,49884	0,00021	-2,50158	0,00021	-0,0930343
0,000212	-2,49804	0,000212	-2,50335	0,000212	-0,0940003
0,000214	-2,49948	0,000214	-2,50287	0,000214	-0,0946443
0,000216	-2,50158	0,000216	-2,50238	0,000216	-0,0956102
0,000218	-2,50093	0,000218	-2,50222	0,000218	-0,0946443
0,00022	-2,49836	0,00022	-2,5027	0,00022	-0,0956102
0,000222	-2,50061	0,000222	-2,50383	0,000222	-0,0957712
0,000224	-2,4982	0,000224	-2,50415	0,000224	-0,0954492
0,000226	-2,50319	0,000226	-2,50689	0,000226	-0,0935173
0,000228	-2,50029	0,000228	-2,50528	0,000228	-0,0943223
0,00023	-2,50093	0,00023	-2,50287	0,00023	-0,0936783
0,000232	-2,50222	0,000232	-2,50351	0,000232	-0,0948053
0,000234	-2,50077	0,000234	-2,5027	0,000234	-0,0964152
0,000236	-2,50045	0,000236	-2,5019	0,000236	-0,0943223
0,000238	-2,499	0,000238	-2,50367	0,000238	-0,0962542
0,00024	-2,49868	0,00024	-2,50399	0,00024	-0,0968982
0,000242	-2,49997	0,000242	-2,50512	0,000242	-0,0962542
0,000244	-2,50158	0,000244	-2,50609	0,000244	-0,0978642
0,000246	-2,50174	0,000246	-2,50415	0,000246	-0,0962542
0,000248	-2,50077	0,000248	-2,50287	0,000248	-0,0951273
0,00025	-2,50254	0,00025	-2,5019	0,00025	-0,0938393
0,000252	-2,50093	0,000252	-2,50464	0,000252	-0,0959322
0,000254	-2,49852	0,000254	-2,50367	0,000254	-0,0920683
0,000256	-2,50045	0,000256	-2,50093	0,000256	-0,0938393
0,000258	-2,49948	0,000258	-2,5027	0,000258	-0,0948053
0,00026	-2,49997	0,00026	-2,50254	0,00026	-0,0954492
0,000262	-2,49948	0,000262	-2,50142	0,000262	-0,0927123
0,000264	-2,50142	0,000264	-2,49981	0,000264	-0,0951273
0,000266	-2,49997	0,000266	-2,50206	0,000266	-0,0940003
0,000268	-2,49965	0,000268	-2,50287	0,000268	-0,0975422
0,00027	-2,49948	0,00027	-2,50158	0,00027	-0,0965762
0,000272	-2,50029	0,000272	-2,50254	0,000272	-0,0930343
0,000274	-2,49965	0,000274	-2,50222	0,000274	-0,0962542
0,000276	-2,49932	0,000276	-2,50319	0,000276	-0,0952883
0,000278	-2,49771	0,000278	-2,50399	0,000278	-0,0975422
0,00028	-2,5027	0,00028	-2,50335	0,00028	-0,0946443
0,000282	-2,49932	0,000282	-2,50287	0,000282	-0,0975422
0,000284	-2,49868	0,000284	-2,50287	0,000284	-0,0898143
0,000286	-2,49401	0,000286	-2,50158	0,000286	-0,0941613
0,000288	-2,499	0,000288	-2,50174	0,000288	-0,0970592
0,00029	-2,50045	0,00029	-2,5027	0,00029	-0,0952883
0,000292	-2,49385	0,000292	-2,50689	0,000292	-0,0943223
0,000294	-2,49916	0,000294	-2,50254	0,000294	-0,0999572
0,000296	-2,49836	0,000296	-2,50061	0,000296	-0,0968982
0,000298	-2,49932	0,000298	-2,50109	0,000298	-0,0991522
0,0003	-2,49948	0,0003	-2,5027	0,0003	-0,0964152
0,000302	-2,50061	0,000302	-2,50238	0,000302	-0,0997962
0,000304	-2,50222	0,000304	-2,50415	0,000304	-0,0962542
0,000306	-2,49981	0,000306	-2,50351	0,000306	-0,0928733
0,000308	-2,49852	0,000308	-2,50512	0,000308	-0,0991522
0,00031	-2,50126	0,00031	-2,50464	0,00031	-0,0933563
0,000312	-2,49739	0,000312	-2,50415	0,000312	-0,0951273
0,000314	-2,50254	0,000314	-2,50126	0,000314	-0,0952883
0,000316	-2,49836	0,000316	-2,50544	0,000316	-0,0935173
0,000318	-2,50029	0,000318	-2,5027	0,000318	-0,0930343
0,00032	-2,49852	0,00032	-2,50109	0,00032	-0,0962542
0,000322	-2,49981	0,000322	-2,50109	0,000322	-0,0946443
0,000324	-2,49884	0,000324	-2,50254	0,000324	-0,0960932
0,000326	-2,50238	0,000326	-2,50319	0,000326	-0,0944833
0,000328	-2,49932	0,000328	-2,50448	0,000328	-0,0941613
0,00033	-2,49932	0,00033	-2,50287	0,00033	-0,0923903
0,000332	-2,49965	0,000332	-2,50319	0,000332	-0,0936783
0,000334	-2,49981	0,000334	-2,50351	0,000334	-0,0970592
0,000336	-2,49981	0,000336	-2,50158	0,000336	-0,0956102
0,000338	-2,50029	0,000338	-2,5027	0,000338	-0,0927123
0,00034	-2,50142	0,00034	-2,50303	0,00034	-0,0909413
0,000342	-2,49739	0,000342	-2,50142	0,000342	-0,0965762
0,000344	-2,49804	0,000344	-2,50222	0,000344	-0,0940003
0,000346	-2,49739	0,000346	-2,5027	0,000346	-0,0954492
0,000348	-2,50174	0,000348	-2,50464	0,000348	-0,0960932
0,00035	-2,49691	0,00035	-2,50287	0,00035	-0,0928733
0,000352	-2,499	0,000352	-2,50335	0,000352	-0,0944833
0,000354	-2,49965	0,000354	-2,50303	0,000354	-0,0944833
0,000356	-2,50029	0,000356	-2,50625	0,000356	-0,0952883
0,000358	-2,50126	0,000358	-2,50512	0,000358	-0,0977032
0,00036	-2,50126	0,00036	-2,50464	0,00036	-0,0965762
0,000362	-2,50238	0,000362	-2,50689	0,000362	-0,0964152
0,000364	-2,49916	0,000364	-2,50512	0,000364	-0,0967372
0,000366	-2,50109	0,000366	-2,50287	0,000366	-0,0938393
0,000368	-2,49965	0,000368	-2,50335	0,000368	-0,0975422
0,00037	-2,5019	0,00037	-2,50367	0,00037	-0,0940003
0,000372	-2,499	0,000372	-2,50335	0,000372	-0,0988302
0,000374	-2,50303	0,000374	-2,50319	0,000374	-0,0951273
0,000376	-2,50045	0,000376	-2,50303	0,000376	-0,0933563
0,000378	-2,50254	0,000378	-2,50126	0,000378	-0,0946443
0,00038	-2,50158	0,00038	-2,5027	0,00038	-0,0906193
0,000382	-2,49965	0,000382	-2,50367	0,000382	-0,0957712
0,000384	-2,50206	0,000384	-2,50287	0,000384	-0,0975422
0,000386	-2,49965	0,000386	-2,49916	0,000386	-0,0920683
0,000388	-2,49868	0,000388	-2,50061	0,000388	-0,0954492
0,00039	-2,50061	0,00039	-2,50045	0,00039	-0,0925513
0,000392	-2,49916	0,000392	-2,49965	0,000392	-0,0951273
0,000394	-2,49916	0,000394	-2,50303	0,000394	-0,0931953
0,000396	-2,49868	0,000396	-2,50367	0,000396	-0,0957712
0,000398	-2,50045	0,000398	-2,50319	0,000398	-0,0922293
0,0004	-2,49868	0,0004	-2,50399	0,0004	-0,0954492
0,000402	-2,50013	0,000402	-2,50238	0,000402	-0,0965762
0,000404	-2,50206	0,000404	-2,50319	0,000404	-0,0946443
0,000406	-2,50126	0,000406	-2,5048	0,000406	-0,0964152
0,000408	-2,50238	0,000408	-2,50287	0,000408	-0,0920683
0,00041	-2,50045	0,00041	-2,50206	0,00041	-0,0957712
0,000412	-2,499	0,000412	-2,50109	0,000412	-0,0938393
0,000414	-2,50077	0,000414	-2,50206	0,000414	-0,0940003
0,000416	-2,49932	0,000416	-2,50238	0,000416	-0,0965762
0,000418	-2,50109	0,000418	-2,50351	0,000418	-0,0935173
0,00042	-2,50013	0,00042	-2,50319	0,00042	-0,0944833
0,000422	-2,49739	0,000422	-2,50287	0,000422	-0,0965762
0,000424	-2,50222	0,000424	-2,50335	0,000424	-0,0956102
0,000426	-2,50045	0,000426	-2,50625	0,000426	-0,0965762
0,000428	-2,49787	0,000428	-2,50399	0,000428	-0,0956102
0,00043	-2,5019	0,00043	-2,50641	0,00043	-0,0936783
0,000432	-2,50093	0,000432	-2,50415	0,000432	-0,0985082
0,000434	-2,50206	0,000434	-2,50367	0,000434	-0,0952883
0,000436	-2,49755	0,000436	-2,5056	0,000436	-0,0935173
0,000438	-2,49836	0,000438	-2,50287	0,000438	-0,0949663
0,00044	-2,49965	0,00044	-2,50303	0,00044	-0,0959322
0,000442	-2,50399	0,000442	-2,50335	0,000442	-0,0948053
0,000444	-2,50238	0,000444	-2,50383	0,000444	-0,0952883
0,000446	-2,49643	0,000446	-2,5027	0,000446	-0,0964152
0,000448	-2,49626	0,000448	-2,50222	0,000448	-0,0980252
0,00045	-2,49804	0,00045	-2,50077	0,00045	-0,0943223
0,000452	-2,50109	0,000452	-2,50319	0,000452	-0,0952883
0,000454	-2,50142	0,000454	-2,50383	0,000454	-0,0964152
0,000456	-2,50238	0,000456	-2,50592	0,000456	-0,0952883
0,000458	-2,50254	0,000458	-2,50512	0,000458	-0,0972202
0,00046	-2,49884	0,00046	-2,50496	0,00046	-0,0967372
0,000462	-2,49916	0,000462	-2,50335	0,000462	-0,0970592
0,000464	-2,50415	0,000464	-2,50335	0,000464	-0,0949663
0,000466	-2,50254	0,000466	-2,50303	0,000466	-0,0948053
0,000468	-2,50045	0,000468	-2,50641	0,000468	-0,0952883
0,00047	-2,49932	0,00047	-2,50721	0,00047	-0,0975422
0,000472	-2,50109	0,000472	-2,5056	0,000472	-0,0952883
0,000474	-2,50174	0,000474	-2,50592	0,000474	-0,0956102
0,000476	-2,50206	0,000476	-2,50351	0,000476	-0,0965762
0,000478	-2,50109	0,000478	-2,50077	0,000478	-0,0931953
0,00048	-2,50093	0,00048	-2,50126	0,00048	-0,0948053
0,000482	-2,50222	0,000482	-2,50464	0,000482	-0,0957712
0,000484	-2,50222	0,000484	-2,50576	0,000484	-0,0952883
0,000486	-2,50206	0,000486	-2,50512	0,000486	-0,0978642
0,000488	-2,49948	0,000488	-2,5027	0,000488	-0,0975422
0,00049	-2,50126	0,00049	-2,5019	0,00049	-0,0944833
0,000492	-2,50222	0,000492	-2,5027	0,000492	-0,0964152
0,000494	-2,50109	0,000494	-2,50351	0,000494	-0,0946443
0,000496	-2,50206	0,000496	-2,50351	0,000496	-0,0954492
0,000498	-2,48693	0,000498	-2,4961	0,000498	2,18415
0,0005	1,84299	0,0005	0,303506	0,0005	2,85989
0,000502	2,03635	0,000502	1,36353	0,000502	2,03088
0,000504	2,16854	0,000504	1,85426	0,000504	1,45868
0,000506	2,26466	0,000506	2,10188	0,000506	1,06133
0,000508	2,33035	0,000508	2,24212	0,000508	0,778132
0,00051	2,37849	0,00051	2,32342	0,00051	0,581068
0,000512	2,40956	0,000512	2,37478	0,000512	0,442126
0,000514	2,43451	0,000514	2,41052	0,000514	0,341824
0,000516	2,4519	0,000516	2,43387	0,000516	0,270823
0,000518	2,46398	0,000518	2,45158	0,000518	0,221557
0,00052	2,47299	0,00052	2,46269	0,00052	0,186299
0,000522	2,47863	0,000522	2,47155	0,000522	0,161666
0,000524	2,48362	0,000524	2,47412	0,000524	0,147498
0,000526	2,48636	0,000526	2,48169	0,000526	0,131881
0,000528	2,48909	0,000528	2,48636	0,000528	0,125441
0,00053	2,49006	0,00053	2,48974	0,00053	0,119001
0,000532	2,49441	0,000532	2,48974	0,000532	0,112239
0,000534	2,49537	0,000534	2,49296	0,000534	0,10596
0,000536	2,49602	0,000536	2,49425	0,000536	0,104511
0,000538	2,49682	0,000538	2,49505	0,000538	0,104833
0,00054	2,49859	0,00054	2,4928	0,00054	0,100003
0,000542	2,49682	0,000542	2,4957	0,000542	0,100164
0,000544	2,49698	0,000544	2,49698	0,000544	0,100486
0,000546	2,49956	0,000546	2,49908	0,000546	0,0977493
0,000548	2,49586	0,000548	2,49457	0,000548	0,0987152
0,00055	2,49827	0,00055	2,49714	0,00055	0,0993592
0,000552	2,50294	0,000552	2,49892	0,000552	0,0967833
0,000554	2,49956	0,000554	2,49843	0,000554	0,0996812
0,000556	2,4994	0,000556	2,49682	0,000556	0,0983932
0,000558	2,49956	0,000558	2,49843	0,000558	0,100164
0,00056	2,49698	0,00056	2,50004	0,00056	0,100486
0,000562	2,49875	0,000562	2,49843	0,000562	0,0979103
0,000564	2,49988	0,000564	2,49924	0,000564	0,0982322
0,000566	2,5002	0,000566	2,4994	0,000566	0,0971053
0,000568	2,50149	0,000568	2,50278	0,000568	0,0982322
0,00057	2,50036	0,00057	2,50004	0,00057	0,0980712
0,000572	2,49988	0,000572	2,49892	0,000572	0,0975883
0,000574	2,5002	0,000574	2,49843	0,000574	0,0969443
0,000576	2,49988	0,000576	2,49827	0,000576	0,0982322
0,000578	2,49988	0,000578	2,49875	0,000578	0,0967833
0,00058	2,50069	0,00058	2,49988	0,00058	0,100647
0,000582	2,5023	0,000582	2,50101	0,000582	0,0945293
0,000584	2,50326	0,000584	2,50197	0,000584	0,0958173
0,000586	2,5002	0,000586	2,50101	0,000586	0,0964613
0,000588	2,5031	0,000588	2,50117	0,000588	0,0995202
0,00059	2,50326	0,00059	2,50165	0,00059	0,0948513
0,000592	2,50069	0,000592	2,50069	0,000592	0,0980712
0,000594	2,50358	0,000594	2,49972	0,000594	0,0963003
0,000596	2,50358	0,000596	2,50165	0,000596	0,0971053
0,000598	2,50246	0,000598	2,50262	0,000598	0,0982322
0,0006	2,50294	0,0006	2,50149	0,0006	0,0996812
0,000602	2,50423	0,000602	2,50214	0,000602	0,0988762
0,000604	2,50407	0,000604	2,50053	0,000604	0,0971053
0,000606	2,50181	0,000606	2,5023	0,000606	0,0956563
0,000608	2,50117	0,000608	2,50133	0,000608	0,0967833
0,00061	2,50375	0,00061	2,5023	0,00061	0,0993592
0,000612	2,50246	0,000612	2,50101	0,000612	0,0950123
0,000614	2,5031	0,000614	2,50101	0,000614	0,0974273
0,000616	2,50181	0,000616	2,50165	0,000616	0,0959783
0,000618	2,50487	0,000618	2,50391	0,000618	0,0975883
0,00062	2,506	0,00062	2,50294	0,00062	0,0967833
0,000622	2,50133	0,000622	2,50181	0,000622	0,0954953
0,000624	2,50439	0,000624	2,50342	0,000624	0,0953343
0,000626	2,50358	0,000626	2,50326	0,000626	0,0982322
0,000628	2,50262	0,000628	2,50165	0,000628	0,0954953
0,00063	2,50165	0,00063	2,50214	0,00063	0,0943683
0,000632	2,50503	0,000632	2,50342	0,000632	0,0953343
0,000634	2,50391	0,000634	2,50214	0,000634	0,0967833
0,000636	2,50294	0,000636	2,50133	0,000636	0,0967833
0,000638	2,50053	0,000638	2,50165	0,000638	0,0950123
0,00064	2,50423	0,00064	2,50246	0,00064	0,101291
0,000642	2,5031	0,000642	2,50407	0,000642	0,0985542
0,000644	2,50358	0,000644	2,50246	0,000644	0,0991982
0,000646	2,50278	0,000646	2,5031	0,000646	0,0942073
0,000648	2,50407	0,000648	2,50246	0,000648	0,0948513
0,00065	2,50214	0,00065	2,50133	0,00065	0,0969443
0,000652	2,50455	0,000652	2,5023	0,000652	0,0982322
0,000654	2,50455	0,000654	2,50326	0,000654	0,0969443
0,000656	2,50391	0,000656	2,50326	0,000656	0,0950123
0,000658	2,50423	0,000658	2,50262	0,000658	0,0967833
0,00066	2,50294	0,00066	2,50214	0,00066	0,0982322
0,000662	2,50358	0,000662	2,50246	0,000662	0,0967833
0,000664	2,50503	0,000664	2,50358	0,000664	0,0977493
0,000666	2,50713	0,000666	2,50053	0,000666	0,0964613
0,000668	2,50375	0,000668	2,50069	0,000668	0,0953343
0,00067	2,50423	0,00067	2,50358	0,00067	0,0958173
0,000672	2,50262	0,000672	2,50214	0,000672	0,0966223
0,000674	2,50423	0,000674	2,50326	0,000674	0,0954953
0,000676	2,50181	0,000676	2,50149	0,000676	0,0974273
0,000678	2,50069	0,000678	2,50246	0,000678	0,0967833
0,00068	2,50391	0,00068	2,50375	0,00068	0,0979103
0,000682	2,50278	0,000682	2,50358	0,000682	0,0966223
0,000684	2,5031	0,000684	2,50117	0,000684	0,0982322
0,000686	2,50391	0,000686	2,50358	0,000686	0,0940463
0,000688	2,50423	0,000688	2,50358	0,000688	0,0963003
0,00069	2,50375	0,00069	2,50391	0,00069	0,0980712
0,000692	2,506	0,000692	2,50069	0,000692	0,0946903
0,000694	2,50423	0,000694	2,50101	0,000694	0,0969443
0,000696	2,50423	0,000696	2,50503	0,000696	0,0974273
0,000698	2,50407	0,000698	2,50471	0,000698	0,0950123
0,0007	2,50407	0,0007	2,50326	0,0007	0,0982322
0,000702	2,50584	0,000702	2,50407	0,000702	0,0993592
0,000704	2,50342	0,000704	2,50358	0,000704	0,0979103
0,000706	2,50117	0,000706	2,50342	0,000706	0,0979103
0,000708	2,5023	0,000708	2,50423	0,000708	0,0954953
0,00071	2,50407	0,00071	2,50358	0,00071	0,0958173
0,000712	2,50375	0,000712	2,50391	0,000712	0,0967833
0,000714	2,50326	0,000714	2,50391	0,000714	0,0971053
0,000716	2,50616	0,000716	2,50342	0,000716	0,0979103
0,000718	2,50697	0,000718	2,5023	0,000718	0,0972663
0,00072	2,506	0,00072	2,50536	0,00072	0,0961393
0,000722	2,5023	0,000722	2,50423	0,000722	0,0935633
0,000724	2,50568	0,000724	2,50471	0,000724	0,0967833
0,000726	2,49811	0,000726	2,50278	0,000726	0,0943683
0,000728	2,50117	0,000728	2,50133	0,000728	0,0995202
0,00073	2,50423	0,00073	2,50197	0,00073	0,0975883
0,000732	2,50487	0,000732	2,50165	0,000732	0,0961393
0,000734	2,50681	0,000734	2,50407	0,000734	0,0961393
0,000736	2,50326	0,000736	2,50439	0,000736	0,0971053
0,000738	2,50262	0,000738	2,50326	0,000738	0,0964613
0,00074	2,50278	0,00074	2,50117	0,00074	0,0983932
0,000742	2,50503	0,000742	2,50391	0,000742	0,0972663
0,000744	2,50294	0,000744	2,50423	0,000744	0,0974273
0,000746	2,50471	0,000746	2,50536	0,000746	0,0967833
0,000748	2,50568	0,000748	2,5031	0,000748	0,0966223
0,00075	2,50584	0,00075	2,50407	0,00075	0,0969443
0,000752	2,5031	0,000752	2,50423	0,000752	0,0982322
0,000754	2,50503	0,000754	2,50536	0,000754	0,0954953
0,000756	2,50246	0,000756	2,50214	0,000756	0,0961393
0,000758	2,50423	0,000758	2,50375	0,000758	0,0988762
0,00076	2,50648	0,00076	2,50487	0,00076	0,0958173
0,000762	2,50407	0,000762	2,50487	0,000762	0,0966223
0,000764	2,50294	0,000764	2,50214	0,000764	0,0977493
0,000766	2,50455	0,000766	2,50278	0,000766	0,0916313
0,000768	2,50294	0,000768	2,50117	0,000768	0,0977493
0,00077	2,50809	0,00077	2,50391	0,00077	0,0966223
0,000772	2,50181	0,000772	2,50246	0,000772	0,0983932
0,000774	2,50552	0,000774	2,50407	0,000774	0,100325
0,000776	2,50407	0,000776	2,50487	0,000776	0,0963003
0,000778	2,50149	0,000778	2,50375	0,000778	0,100647
0,00078	2,50455	0,00078	2,50342	0,00078	0,0966223
0,000782	2,50487	0,000782	2,50375	0,000782	0,0954953
0,000784	2,50423	0,000784	2,50503	0,000784	0,100003
0,000786	2,5089	0,000786	2,50407	0,000786	0,0990372
0,000788	2,50503	0,000788	2,50262	0,000788	0,0975883
0,00079	2,50439	0,00079	2,50407	0,00079	0,0980712
0,000792	2,50471	0,000792	2,5052	0,000792	0,0942073
0,000794	2,50391	0,000794	2,50391	0,000794	0,0971053
0,000796	2,50294	0,000796	2,50487	0,000796	0,0990372
0,000798	2,50455	0,000798	2,50407	0,000798	0,0985542
0,0008	2,506	0,0008	2,50616	0,0008	0,0980712
0,000802	2,50342	0,000802	2,5031	0,000802	0,0979103
0,000804	2,5052	0,000804	2,50342	0,000804	0,0964613
0,000806	2,50294	0,000806	2,50294	0,000806	0,0980712
0,000808	2,50568	0,000808	2,50391	0,000808	0,0995202
0,00081	2,50487	0,00081	2,50487	0,00081	0,0974273
0,000812	2,50375	0,000812	2,50197	0,000812	0,0961393
0,000814	2,50391	0,000814	2,50246	0,000814	0,0948513
0,000816	2,50503	0,000816	2,50552	0,000816	0,0948513
0,000818	2,506	0,000818	2,50439	0,000818	0,0959783
0,00082	2,50278	0,00082	2,50181	0,00082	0,0961393
0,000822	2,50262	0,000822	2,50262	0,000822	0,0969443
0,000824	2,50503	0,000824	2,50342	0,000824	0,0934023
0,000826	2,50407	0,000826	2,50326	0,000826	0,0967833
0,000828	2,50036	0,000828	2,50165	0,000828	0,0953343
0,00083	2,50648	0,00083	2,50455	0,00083	0,0972663
0,000832	2,50181	0,000832	2,50391	0,000832	0,0951733
0,000834	2,50632	0,000834	2,506	0,000834	0,100486
0,000836	2,50809	0,000836	2,50101	0,000836	0,0956563
0,000838	2,50568	0,000838	2,50294	0,000838	0,0945293
0,00084	2,50793	0,00084	2,50487	0,00084	0,0948513
0,000842	2,50391	0,000842	2,50536	0,000842	0,100164
0,000844	2,50487	0,000844	2,50407	0,000844	0,0964613
0,000846	2,50552	0,000846	2,50471	0,000846	0,0961393
0,000848	2,50391	0,000848	2,50503	0,000848	0,0983932
0,00085	2,50584	0,00085	2,50294	0,00085	0,0967833
0,000852	2,506	0,000852	2,50342	0,000852	0,0959783
0,000854	2,50069	0,000854	2,50439	0,000854	0,0958173
0,000856	2,5052	0,000856	2,50375	0,000856	0,0967833
0,000858	2,50439	0,000858	2,50407	0,000858	0,0995202
0,00086	2,50487	0,00086	2,50358	0,00086	0,0959783
0,000862	2,5031	0,000862	2,50246	0,000862	0,0967833
0,000864	2,50536	0,000864	2,5052	0,000864	0,0961393
0,000866	2,50552	0,000866	2,50552	0,000866	0,0967833
0,000868	2,50294	0,000868	2,50358	0,000868	0,0969443
0,00087	2,50503	0,00087	2,50552	0,00087	0,0953343
0,000872	2,50584	0,000872	2,50568	0,000872	0,0980712
0,000874	2,50552	0,000874	2,50487	0,000874	0,0979103
0,000876	2,50471	0,000876	2,50294	0,000876	0,0975883
0,000878	2,50439	0,000878	2,50085	0,000878	0,0971053
0,00088	2,50471	0,00088	2,50407	0,00088	0,0975883
0,000882	2,50858	0,000882	2,5052	0,000882	0,0969443
0,000884	2,5031	0,000884	2,50391	0,000884	0,0963003
0,000886	2,50568	0,000886	2,50358	0,000886	0,0980712
0,000888	2,50439	0,000888	2,50423	0,000888	0,0963003
0,00089	2,50713	0,00089	2,50471	0,00089	0,100647
0,000892	2,50487	0,000892	2,5031	0,000892	0,0966223
0,000894	2,50568	0,000894	2,50455	0,000894	0,0991982
0,000896	2,50069	0,000896	2,50294	0,000896	0,0971053
0,000898	2,50536	0,000898	2,50407	0,000898	0,0975883
0,0009	2,50407	0,0009	2,50375	0,0009	0,0971053
0,000902	2,50664	0,000902	2,50471	0,000902	0,0975883
0,000904	2,50584	0,000904	2,50487	0,000904	0,100969
0,000906	2,50423	0,000906	2,5052	0,000906	0,0954953
0,000908	2,50391	0,000908	2,50101	0,000908	0,0975883
0,00091	2,50536	0,00091	2,50181	0,00091	0,0961393
0,000912	2,50487	0,000912	2,50455	0,000912	0,0963003
0,000914	2,50423	0,000914	2,50439	0,000914	0,0951733
0,000916	2,50471	0,000916	2,50439	0,000916	0,0971053
0,000918	2,50487	0,000918	2,50455	0,000918	0,0974273
0,00092	2,50326	0,00092	2,50439	0,00092	0,0980712
0,000922	2,50729	0,000922	2,50922	0,000922	0,100164
0,000924	2,50648	0,000924	2,506	0,000924	0,0963003
0,000926	2,5052	0,000926	2,50568	0,000926	0,0954953
0,000928	2,50455	0,000928	2,50632	0,000928	0,0974273
0,00093	2,50487	0,00093	2,50358	0,00093	0,0967833
0,000932	2,50568	0,000932	2,50391	0,000932	0,101774
0,000934	2,50874	0,000934	2,50536	0,000934	0,0948513
0,000936	2,50439	0,000936	2,50487	0,000936	0,0946903
0,000938	2,50262	0,000938	2,50294	0,000938	0,0954953
0,00094	2,50503	0,00094	2,50181	0,00094	0,0987152
0,000942	2,50713	0,000942	2,50439	0,000942	0,0977493
0,000944	2,50552	0,000944	2,50503	0,000944	0,0974273
0,000946	2,50568	0,000946	2,50246	0,000946	0,0980712
0,000948	2,506	0,000948	2,50197	0,000948	0,0963003
0,00095	2,50632	0,00095	2,50375	0,00095	0,0951733
0,000952	2,50423	0,000952	2,5052	0,000952	0,0975883
0,000954	2,50632	0,000954	2,5052	0,000954	0,0966223
0,000956	2,506	0,000956	2,50342	0,000956	0,0959783
0,000958	2,50439	0,000958	2,50471	0,000958	0,0987152
0,00096	2,50761	0,00096	2,50552	0,00096	0,0948513
0,000962	2,50471	0,000962	2,50536	0,000962	0,0961393
0,000964	2,50745	0,000964	2,50536	0,000964	0,0961393
0,000966	2,50503	0,000966	2,50664	0,000966	0,0898603
0,000968	2,50294	0,000968	2,50536	0,000968	0,100164
0,00097	2,50455	0,00097	2,50536	0,00097	0,0967833
0,000972	2,5031	0,000972	2,50391	0,000972	0,0961393
0,000974	2,50423	0,000974	2,50503	0,000974	0,0975883
0,000976	2,50487	0,000976	2,50423	0,000976	0,0950123
0,000978	2,50342	0,000978	2,5052	0,000978	0,0967833
0,00098	2,506	0,00098	2,50568	0,00098	0,0956563
0,000982	2,50616	0,000982	2,50536	0,000982	0,0935633
0,000984	2,5031	0,000984	2,506	0,000984	0,0966223
0,000986	2,50584	0,000986	2,50487	0,000986	0,0977493
0,000988	2,50455	0,000988	2,50133	0,000988	0,0974273
0,00099	2,50536	0,00099	2,50197	0,00099	0,0967833
0,000992	2,50648	0,000992	2,50391	0,000992	0,0946903
0,000994	2,50423	0,000994	2,50455	0,000994	0,0988762
0,000996	2,50681	0,000996	2,50246	0,000996	0,0980712
0,000998	2,50278	0,000998	2,50165	0,000998	0,0376967
0,001	-1,58356	0,001	-0,238738	0,001	-3,14091
0,001002	-1,99298	0,001002	-1,30825	0,001002	-2,22385
0,001004	-2,13498	0,001004	-1,81314	0,001004	-1,59274
0,001006	-2,2385	0,001006	-2,07106	0,001006	-1,15273
0,001008	-2,30564	0,001008	-2,21645	0,001008	-0,845219
0,00101	-2,36102	0,00101	-2,30548	0,00101	-0,627227
0,001012	-2,39902	0,001012	-2,36247	0,001012	-0,474279
0,001014	-2,42333	0,001014	-2,40208	0,001014	-0,363029
0,001016	-2,44265	0,001016	-2,42655	0,001016	-0,292512
0,001018	-2,45972	0,001018	-2,44877	0,001018	-0,236967
0,00102	-2,46809	0,00102	-2,46197	0,00102	-0,194785
0,001022	-2,47582	0,001022	-2,47195	0,001022	-0,170958
0,001024	-2,47872	0,001024	-2,47791	0,001024	-0,149706
0,001026	-2,4887	0,001026	-2,48033	0,001026	-0,132157
0,001028	-2,48725	0,001028	-2,48693	0,001028	-0,124751
0,00103	-2,48934	0,00103	-2,49015	0,00103	-0,116701
0,001032	-2,49707	0,001032	-2,49417	0,001032	-0,117023
0,001034	-2,48918	0,001034	-2,49465	0,001034	-0,106719
0,001036	-2,49176	0,001036	-2,49321	0,001036	-0,107363
0,001038	-2,49449	0,001038	-2,49514	0,001038	-0,106075
0,00104	-2,49192	0,00104	-2,4961	0,00104	-0,102694
0,001042	-2,49578	0,001042	-2,49707	0,001042	-0,0996352
0,001044	-2,4961	0,001044	-2,49884	0,001044	-0,103821
0,001046	-2,49626	0,001046	-2,49852	0,001046	-0,0965762
0,001048	-2,49739	0,001048	-2,49836	0,001048	-0,101084
0,00105	-2,49659	0,00105	-2,49868	0,00105	-0,0988302
0,001052	-2,49643	0,001052	-2,49948	0,001052	-0,0996352
0,001054	-2,49659	0,001054	-2,50109	0,001054	-0,102372
0,001056	-2,49755	0,001056	-2,50126	0,001056	-0,0985082
0,001058	-2,49626	0,001058	-2,49981	0,001058	-0,0994742
0,00106	-2,49804	0,00106	-2,49997	0,00106	-0,101889
0,001062	-2,49787	0,001062	-2,49852	0,001062	-0,0975422
0,001064	-2,49868	0,001064	-2,5019	0,001064	-0,0986692
0,001066	-2,49804	0,001066	-2,50126	0,001066	-0,0981862
0,001068	-2,49691	0,001068	-2,50287	0,001068	-0,0978642
0,00107	-2,49804	0,00107	-2,50126	0,00107	-0,0967372
0,001072	-2,49739	0,001072	-2,49981	0,001072	-0,0999572
0,001074	-2,4982	0,001074	-2,50126	0,001074	-0,0996352
0,001076	-2,50045	0,001076	-2,50126	0,001076	-0,0959322
0,001078	-2,49707	0,001078	-2,49948	0,001078	-0,0968982
0,00108	-2,4982	0,00108	-2,49948	0,00108	-0,0940003
0,001082	-2,49562	0,001082	-2,49868	0,001082	-0,0946443
0,001084	-2,49739	0,001084	-2,5019	0,001084	-0,0956102
0,001086	-2,49868	0,001086	-2,50206	0,001086	-0,0978642
0,001088	-2,49965	0,001088	-2,50158	0,001088	-0,0970592
0,00109	-2,49916	0,00109	-2,50093	0,00109	-0,0959322
0,001092	-2,49836	0,001092	-2,50319	0,001092	-0,0972202
0,001094	-2,49804	0,001094	-2,50029	0,001094	-0,0968982
0,001096	-2,50093	0,001096	-2,50045	0,001096	-0,0968982
0,001098	-2,49562	0,001098	-2,50109	0,001098	-0,0989912
0,0011	-2,49836	0,0011	-2,50061	0,0011	-0,0946443
0,001102	-2,49868	0,001102	-2,50126	0,001102	-0,0988302
0,001104	-2,49578	0,001104	-2,50158	0,001104	-0,0964152
0,001106	-2,49707	0,001106	-2,50142	0,001106	-0,0977032
0,001108	-2,50303	0,001108	-2,50415	0,001108	-0,0986692
0,00111	-2,50013	0,00111	-2,50287	0,00111	-0,0986692
0,001112	-2,49659	0,001112	-2,50254	0,001112	-0,0994742
0,001114	-2,4982	0,001114	-2,50077	0,001114	-0,0991522
0,001116	-2,49723	0,001116	-2,50319	0,001116	-0,0991522
0,001118	-2,49691	0,001118	-2,50496	0,001118	-0,0991522
0,00112	-2,49852	0,00112	-2,50093	0,00112	-0,0983472
0,001122	-2,49755	0,001122	-2,50029	0,001122	-0,100118
0,001124	-2,49836	0,001124	-2,50158	0,001124	-0,0986692
0,001126	-2,49707	0,001126	-2,49868	0,001126	-0,0973812
0,001128	-2,4982	0,001128	-2,49997	0,001128	-0,0988302
0,00113	-2,49916	0,00113	-2,50077	0,00113	-0,100923
0,001132	-2,49836	0,001132	-2,50238	0,001132	-0,0972202
0,001134	-2,49578	0,001134	-2,50061	0,001134	-0,0975422
0,001136	-2,49916	0,001136	-2,50077	0,001136	-0,0977032
0,001138	-2,49981	0,001138	-2,50061	0,001138	-0,0973812
0,00114	-2,50061	0,00114	-2,50222	0,00114	-0,0965762
0,001142	-2,49948	0,001142	-2,50335	0,001142	-0,0946443
0,001144	-2,499	0,001144	-2,50254	0,001144	-0,0962542
0,001146	-2,49916	0,001146	-2,50222	0,001146	-0,0978642
0,001148	-2,49691	0,001148	-2,50448	0,001148	-0,0989912
0,00115	-2,50093	0,00115	-2,50287	0,00115	-0,0967372
0,001152	-2,50061	0,001152	-2,50158	0,001152	-0,0977032
0,001154	-2,49852	0,001154	-2,5019	0,001154	-0,0931953
0,001156	-2,49804	0,001156	-2,50399	0,001156	-0,0956102
0,001158	-2,499	0,001158	-2,50303	0,001158	-0,0948053
0,00116	-2,49997	0,00116	-2,50222	0,00116	-0,0952883
0,001162	-2,49852	0,001162	-2,50287	0,001162	-0,0959322
0,001164	-2,50077	0,001164	-2,50142	0,001164	-0,0996352
0,001166	-2,50061	0,001166	-2,50238	0,001166	-0,0986692
0,001168	-2,50045	0,001168	-2,50464	0,001168	-0,0981862
0,00117	-2,49852	0,00117	-2,5027	0,00117	-0,0946443
0,001172	-2,49884	0,001172	-2,50431	0,001172	-0,0962542
0,001174	-2,49916	0,001174	-2,50464	0,001174	-0,0993132
0,001176	-2,49787	0,001176	-2,50544	0,001176	-0,0970592
0,001178	-2,50174	0,001178	-2,50448	0,001178	-0,0965762
0,00118	-2,49997	0,00118	-2,50383	0,00118	-0,0980252
0,001182	-2,49707	0,001182	-2,50238	0,001182	-0,0980252
0,001184	-2,50045	0,001184	-2,49981	0,001184	-0,100118
0,001186	-2,49932	0,001186	-2,50287	0,001186	-0,0980252
0,001188	-2,49965	0,001188	-2,50431	0,001188	-0,0972202
0,00119	-2,50254	0,00119	-2,50109	0,00119	-0,0970592
0,001192	-2,49981	0,001192	-2,50254	0,001192	-0,0968982
0,001194	-2,49997	0,001194	-2,5019	0,001194	-0,0960932
0,001196	-2,49997	0,001196	-2,50238	0,001196	-0,0975422
0,001198	-2,49981	0,001198	-2,50287	0,001198	-0,0954492
0,0012	-2,49916	0,0012	-2,49852	0,0012	-0,0980252
0,001202	-2,50126	0,001202	-2,50126	0,001202	-0,0980252
0,001204	-2,50029	0,001204	-2,49868	0,001204	-0,0970592
0,001206	-2,50464	0,001206	-2,50222	0,001206	-0,0944833
0,001208	-2,49965	0,001208	-2,50383	0,001208	-0,101567
0,00121	-2,49948	0,00121	-2,50399	0,00121	-0,0989912
0,001212	-2,50351	0,001212	-2,50641	0,001212	-0,0980252
0,001214	-2,5019	0,001214	-2,5048	0,001214	-0,0951273
0,001216	-2,49691	0,001216	-2,50335	0,001216	-0,0989912
0,001218	-2,49997	0,001218	-2,50206	0,001218	-0,0941613
0,00122	-2,49916	0,00122	-2,50367	0,00122	-0,0975422
0,001222	-2,50013	0,001222	-2,50254	0,001222	-0,0981862
0,001224	-2,50142	0,001224	-2,50319	0,001224	-0,0959322
0,001226	-2,49739	0,001226	-2,50222	0,001226	-0,0933563
0,001228	-2,50158	0,001228	-2,50351	0,001228	-0,0988302
0,00123	-2,49981	0,00123	-2,50367	0,00123	-0,0983472
0,001232	-2,49659	0,001232	-2,50625	0,001232	-0,0940003
0,001234	-2,50158	0,001234	-2,5056	0,001234	-0,0985082
0,001236	-2,5019	0,001236	-2,5056	0,001236	-0,100118
0,001238	-2,49868	0,001238	-2,5027	0,001238	-0,0964152
0,00124	-2,49948	0,00124	-2,50174	0,00124	-0,0985082
0,001242	-2,50109	0,001242	-2,50415	0,001242	-0,0928733
0,001244	-2,49948	0,001244	-2,50351	0,001244	-0,0986692
0,001246	-2,49981	0,001246	-2,50528	0,001246	-0,0986692
0,001248	-2,49932	0,001248	-2,50061	0,001248	-0,0988302
0,00125	-2,49707	0,00125	-2,50238	0,00125	-0,0972202
0,001252	-2,50013	0,001252	-2,50287	0,001252	-0,0973812
0,001254	-2,50158	0,001254	-2,50222	0,001254	-0,0952883
0,001256	-2,5019	0,001256	-2,50287	0,001256	-0,0954492
0,001258	-2,49868	0,001258	-2,50818	0,001258	-0,0938393
0,00126	-2,4982	0,00126	-2,50641	0,00126	-0,0981862
0,001262	-2,50093	0,001262	-2,50351	0,001262	-0,0960932
0,001264	-2,50013	0,001264	-2,50367	0,001264	-0,0967372
0,001266	-2,49771	0,001266	-2,50464	0,001266	-0,0938393
0,001268	-2,49884	0,001268	-2,50431	0,001268	-0,0946443
0,00127	-2,50206	0,00127	-2,50367	0,00127	-0,0968982
0,001272	-2,49675	0,001272	-2,50287	0,001272	-0,0968982
0,001274	-2,50029	0,001274	-2,50383	0,001274	-0,0956102
0,001276	-2,49787	0,001276	-2,50544	0,001276	-0,0970592
0,001278	-2,49948	0,001278	-2,50158	0,001278	-0,0989912
0,00128	-2,50222	0,00128	-2,5019	0,00128	-0,0975422
0,001282	-2,50109	0,001282	-2,50576	0,001282	-0,0946443
0,001284	-2,49852	0,001284	-2,50496	0,001284	-0,0973812
0,001286	-2,50109	0,001286	-2,50689	0,001286	-0,0978642
0,001288	-2,50077	0,001288	-2,50464	0,001288	-0,0930343
0,00129	-2,49997	0,00129	-2,50609	0,00129	-0,0933563
0,001292	-2,50109	0,001292	-2,50431	0,001292	-0,0919073
0,001294	-2,49932	0,001294	-2,50367	0,001294	-0,0978642
0,001296	-2,49852	0,001296	-2,50383	0,001296	-0,0967372
0,001298	-2,49997	0,001298	-2,50319	0,001298	-0,0983472
0,0013	-2,50093	0,0013	-2,50609	0,0013	-0,0967372
0,001302	-2,49997	0,001302	-2,50512	0,001302	-0,0991522
0,001304	-2,50109	0,001304	-2,50222	0,001304	-0,0943223
0,001306	-2,50109	0,001306	-2,50383	0,001306	-0,0988302
0,001308	-2,50045	0,001308	-2,50496	0,001308	-0,0978642
0,00131	-2,49932	0,00131	-2,50415	0,00131	-0,0970592
0,001312	-2,49804	0,001312	-2,50287	0,001312	-0,0999572
0,001314	-2,4982	0,001314	-2,50222	0,001314	-0,0972202
0,001316	-2,50045	0,001316	-2,50351	0,001316	-0,0968982
0,001318	-2,50254	0,001318	-2,50142	0,001318	-0,0959322
0,00132	-2,50142	0,00132	-2,50383	0,00132	-0,0996352
0,001322	-2,49916	0,001322	-2,50448	0,001322	-0,0944833
0,001324	-2,50126	0,001324	-2,50399	0,001324	-0,0964152
0,001326	-2,49965	0,001326	-2,50399	0,001326	-0,0986692
0,001328	-2,50254	0,001328	-2,5027	0,001328	-0,0989912
0,00133	-2,50077	0,00133	-2,50431	0,00133	-0,0973812
0,001332	-2,49852	0,001332	-2,5048	0,001332	-0,0960932
0,001334	-2,50029	0,001334	-2,50431	0,001334	-0,0964152
0,001336	-2,49981	0,001336	-2,50109	0,001336	-0,0964152
0,001338	-2,50222	0,001338	-2,50383	0,001338	-0,0973812
0,00134	-2,50029	0,00134	-2,5027	0,00134	-0,0943223
0,001342	-2,50061	0,001342	-2,50335	0,001342	-0,0951273
0,001344	-2,50061	0,001344	-2,50254	0,001344	-0,0981862
0,001346	-2,50013	0,001346	-2,5027	0,001346	-0,0948053
0,001348	-2,50013	0,001348	-2,50351	0,001348	-0,0959322
0,00135	-2,49836	0,00135	-2,50126	0,00135	-0,0981862
0,001352	-2,50029	0,001352	-2,5027	0,001352	-0,0957712
0,001354	-2,50448	0,001354	-2,5048	0,001354	-0,0973812
0,001356	-2,50174	0,001356	-2,50576	0,001356	-0,0993132
0,001358	-2,49691	0,001358	-2,5048	0,001358	-0,0975422
0,00136	-2,49868	0,00136	-2,50592	0,00136	-0,0973812
0,001362	-2,49868	0,001362	-2,5027	0,001362	-0,0962542
0,001364	-2,49836	0,001364	-2,50303	0,001364	-0,0986692
0,001366	-2,50013	0,001366	-2,50287	0,001366	-0,0980252
0,001368	-2,49965	0,001368	-2,50093	0,001368	-0,0944833
0,00137	-2,50061	0,00137	-2,5027	0,00137	-0,0967372
0,001372	-2,50061	0,001372	-2,50431	0,001372	-0,0957712
0,001374	-2,499	0,001374	-2,50367	0,001374	-0,0973812
0,001376	-2,50093	0,001376	-2,50126	0,001376	-0,0965762
0,001378	-2,4961	0,001378	-2,50415	0,001378	-0,0956102
0,00138	-2,50045	0,00138	-2,5048	0,00138	-0,0949663
0,001382	-2,49755	0,001382	-2,49981	0,001382	-0,0975422
0,001384	-2,49868	0,001384	-2,49965	0,001384	-0,0951273
0,001386	-2,50029	0,001386	-2,50061	0,001386	-0,0959322
0,001388	-2,4961	0,001388	-2,50158	0,001388	-0,0970592
0,00139	-2,49804	0,00139	-2,50126	0,00139	-0,0999572
0,001392	-2,49868	0,001392	-2,50061	0,001392	-0,0951273
0,001394	-2,50061	0,001394	-2,50174	0,001394	-0,0981862
0,001396	-2,50029	0,001396	-2,50238	0,001396	-0,0986692
0,001398	-2,50109	0,001398	-2,50464	0,001398	-0,0975422
0,0014	-2,50238	0,0014	-2,50415	0,0014	-0,0978642
0,001402	-2,50013	0,001402	-2,50335	0,001402	-0,0997962
0,001404	-2,49868	0,001404	-2,50303	0,001404	-0,0940003
0,001406	-2,50174	0,001406	-2,50367	0,001406	-0,0986692
0,001408	-2,50109	0,001408	-2,50222	0,001408	-0,0988302
0,00141	-2,50109	0,00141	-2,5056	0,00141	-0,0964152
0,001412	-2,49981	0,001412	-2,50657	0,001412	-0,0949663
0,001414	-2,49981	0,001414	-2,50528	0,001414	-0,0988302
0,001416	-2,49981	0,001416	-2,50174	0,001416	-0,0957712
0,001418	-2,49965	0,001418	-2,50077	0,001418	-0,0959322
0,00142	-2,49965	0,00142	-2,50254	0,00142	-0,0940003
0,001422	-2,49981	0,001422	-2,50287	0,001422	-0,0970592
0,001424	-2,49852	0,001424	-2,49916	0,001424	-0,0946443
0,001426	-2,49948	0,001426	-2,50126	0,001426	-0,0996352
0,001428	-2,49771	0,001428	-2,50254	0,001428	-0,0973812
0,00143	-2,50126	0,00143	-2,50319	0,00143	-0,0959322
0,001432	-2,50222	0,001432	-2,50383	0,001432	-0,100923
0,001434	-2,49884	0,001434	-2,50174	0,001434	-0,0970592
0,001436	-2,50093	0,001436	-2,50351	0,001436	-0,0957712
0,001438	-2,50061	0,001438	-2,50399	0,001438	-0,0960932
0,00144	-2,49787	0,00144	-2,50287	0,00144	-0,0999572
0,001442	-2,50109	0,001442	-2,50222	0,001442	-0,0973812
0,001444	-2,50029	0,001444	-2,50351	0,001444	-0,0967372
0,001446	-2,50142	0,001446	-2,50512	0,001446	-0,0977032
0,001448	-2,49965	0,001448	-2,50512	0,001448	-0,0973812
0,00145	-2,49948	0,00145	-2,50399	0,00145	-0,0997962
0,001452	-2,50126	0,001452	-2,50512	0,001452	-0,0991522
0,001454	-2,50029	0,001454	-2,50496	0,001454	-0,0954492
0,001456	-2,49707	0,001456	-2,50174	0,001456	-0,0956102
0,001458	-2,50109	0,001458	-2,5048	0,001458	-0,0954492
0,00146	-2,50045	0,00146	-2,50834	0,00146	-0,0981862
0,001462	-2,499	0,001462	-2,5048	0,001462	-0,0962542
0,001464	-2,50093	0,001464	-2,50528	0,001464	-0,0983472
0,001466	-2,50061	0,001466	-2,50351	0,001466	-0,0967372
0,001468	-2,49884	0,001468	-2,50512	0,001468	-0,0949663
0,00147	-2,50496	0,00147	-2,50544	0,00147	-0,0978642
0,001472	-2,50109	0,001472	-2,50158	0,001472	-0,0946443
0,001474	-2,49787	0,001474	-2,50206	0,001474	-0,0991522
0,001476	-2,49852	0,001476	-2,50496	0,001476	-0,0991522
0,001478	-2,49755	0,001478	-2,50496	0,001478	-0,0980252
0,00148	-2,5019	0,00148	-2,50303	0,00148	-0,0986692
0,001482	-2,50206	0,001482	-2,49965	0,001482	-0,0989912
0,001484	-2,49932	0,001484	-2,50383	0,001484	-0,10205
0,001486	-2,5019	0,001486	-2,50512	0,001486	-0,0959322
0,001488	-2,50013	0,001488	-2,50303	0,001488	-0,0977032
0,00149	-2,49884	0,00149	-2,50045	0,00149	-0,0952883
0,001492	-2,50206	0,001492	-2,5048	0,001492	-0,0975422
0,001494	-2,49852	0,001494	-2,50303	0,001494	-0,0993132
0,001496	-2,50399	0,001496	-2,50206	0,001496	-0,0931953
0,001498	-2,48982	0,001498	-2,48982	0,001498	3,26691
0,0015	1,85233	0,0015	0,313971	0,0015	2,81143
0,001502	2,04618	0,001502	1,37142	0,001502	2,00029
0,001504	2,17546	0,001504	1,86006	0,001504	1,4392
0,001506	2,26868	0,001506	2,10752	0,001506	1,04829
0,001508	2,33872	0,001508	2,24292	0,001508	0,769438
0,00151	2,37977	0,00151	2,32423	0,00151	0,576399
0,001512	2,41278	0,001512	2,37639	0,001512	0,438423
0,001514	2,43709	0,001514	2,41262	0,001514	0,338443
0,001516	2,45416	0,001516	2,43596	0,001516	0,26873
0,001518	2,46414	0,001518	2,45158	0,001518	0,223167
0,00152	2,47187	0,00152	2,46317	0,00152	0,187104
0,001522	2,47847	0,001522	2,47187	0,001522	0,161666
0,001524	2,48604	0,001524	2,47831	0,001524	0,13977
0,001526	2,48877	0,001526	2,48314	0,001526	0,132686
0,001528	2,49087	0,001528	2,487	0,001528	0,125441
0,00153	2,49425	0,00153	2,48765	0,00153	0,122382
0,001532	2,49473	0,001532	2,49006	0,001532	0,111595
0,001534	2,49537	0,001534	2,49135	0,001534	0,109341
0,001536	2,49553	0,001536	2,49441	0,001536	0,105477
0,001538	2,49537	0,001538	2,49859	0,001538	0,105477
0,00154	2,49698	0,00154	2,49634	0,00154	0,100486
0,001542	2,49489	0,001542	2,49698	0,001542	0,101935
0,001544	2,4965	0,001544	2,49714	0,001544	0,102418
0,001546	2,50004	0,001546	2,49457	0,001546	0,0995202
0,001548	2,50053	0,001548	2,49666	0,001548	0,100003
0,00155	2,49747	0,00155	2,49779	0,00155	0,100969
0,001552	2,49908	0,001552	2,49956	0,001552	0,101291
0,001554	2,49875	0,001554	2,49682	0,001554	0,0993592
0,001556	2,49988	0,001556	2,49908	0,001556	0,0987152
0,001558	2,49827	0,001558	2,49859	0,001558	0,100808
0,00156	2,50326	0,00156	2,49811	0,00156	0,101291
0,001562	2,50326	0,001562	2,50004	0,001562	0,0985542
0,001564	2,50181	0,001564	2,5002	0,001564	0,101935
0,001566	2,50117	0,001566	2,50101	0,001566	0,0995202
0,001568	2,50294	0,001568	2,49972	0,001568	0,0996812
0,00157	2,50181	0,00157	2,50085	0,00157	0,0987152
0,001572	2,50407	0,001572	2,50326	0,001572	0,0975883
0,001574	2,50181	0,001574	2,50053	0,001574	0,0969443
0,001576	2,50246	0,001576	2,49956	0,001576	0,100647
0,001578	2,50214	0,001578	2,50036	0,001578	0,100003
0,00158	2,50246	0,00158	2,49827	0,00158	0,0967833
0,001582	2,50326	0,001582	2,50101	0,001582	0,0991982
0,001584	2,50085	0,001584	2,50101	0,001584	0,0987152
0,001586	2,50085	0,001586	2,50133	0,001586	0,101291
0,001588	2,5031	0,001588	2,50101	0,001588	0,0993592
0,00159	2,50197	0,00159	2,50101	0,00159	0,0996812
0,001592	2,50165	0,001592	2,50214	0,001592	0,0956563
0,001594	2,50246	0,001594	2,50053	0,001594	0,0995202
0,001596	2,50294	0,001596	2,50181	0,001596	0,0980712
0,001598	2,50278	0,001598	2,5023	0,001598	0,0991982
0,0016	2,50181	0,0016	2,50391	0,0016	0,0995202
0,001602	2,50423	0,001602	2,50149	0,001602	0,0966223
0,001604	2,50181	0,001604	2,49956	0,001604	0,0975883
0,001606	2,50358	0,001606	2,50149	0,001606	0,0980712
0,001608	2,5023	0,001608	2,50181	0,001608	0,0983932
0,00161	2,50358	0,00161	2,50214	0,00161	0,0956563
0,001612	2,50294	0,001612	2,50133	0,001612	0,0971053
0,001614	2,50326	0,001614	2,50149	0,001614	0,0954953
0,001616	2,50503	0,001616	2,50423	0,001616	0,100969
0,001618	2,50149	0,001618	2,50246	0,001618	0,0987152
0,00162	2,50375	0,00162	2,50214	0,00162	0,0961393
0,001622	2,50503	0,001622	2,50214	0,001622	0,0969443
0,001624	2,49908	0,001624	2,50197	0,001624	0,0969443
0,001626	2,50777	0,001626	2,50487	0,001626	0,0963003
0,001628	2,50391	0,001628	2,50165	0,001628	0,0971053
0,00163	2,50455	0,00163	2,50326	0,00163	0,0982322
0,001632	2,50391	0,001632	2,50391	0,001632	0,0956563
0,001634	2,50197	0,001634	2,50278	0,001634	0,101935
0,001636	2,50246	0,001636	2,50181	0,001636	0,0963003
0,001638	2,50358	0,001638	2,50069	0,001638	0,0974273
0,00164	2,50407	0,00164	2,50262	0,00164	0,0980712
0,001642	2,50391	0,001642	2,50294	0,001642	0,0971053
0,001644	2,50358	0,001644	2,50165	0,001644	0,0964613
0,001646	2,50036	0,001646	2,50069	0,001646	0,0980712
0,001648	2,50294	0,001648	2,50246	0,001648	0,0961393
0,00165	2,50069	0,00165	2,50294	0,00165	0,0971053
0,001652	2,50407	0,001652	2,50246	0,001652	0,0996812
0,001654	2,50439	0,001654	2,50391	0,001654	0,0995202
0,001656	2,50487	0,001656	2,50407	0,001656	0,0991982
0,001658	2,50214	0,001658	2,50358	0,001658	0,0961393
0,00166	2,50407	0,00166	2,5023	0,00166	0,0967833
0,001662	2,5023	0,001662	2,50181	0,001662	0,0985542
0,001664	2,50375	0,001664	2,5031	0,001664	0,0971053
0,001666	2,50246	0,001666	2,50278	0,001666	0,0990372
0,001668	2,50632	0,001668	2,5023	0,001668	0,0969443
0,00167	2,50197	0,00167	2,50342	0,00167	0,0963003
0,001672	2,50278	0,001672	2,50326	0,001672	0,0967833
0,001674	2,50342	0,001674	2,5031	0,001674	0,0967833
0,001676	2,50648	0,001676	2,50262	0,001676	0,0974273
0,001678	2,50391	0,001678	2,50358	0,001678	0,0969443
0,00168	2,50439	0,00168	2,50439	0,00168	0,100003
0,001682	2,50375	0,001682	2,50358	0,001682	0,0977493
0,001684	2,50165	0,001684	2,50246	0,001684	0,0964613
0,001686	2,50777	0,001686	2,50407	0,001686	0,0956563
0,001688	2,50342	0,001688	2,50568	0,001688	0,0963003
0,00169	2,50713	0,00169	2,50439	0,00169	0,0975883
0,001692	2,50503	0,001692	2,50294	0,001692	0,0969443
0,001694	2,50487	0,001694	2,50648	0,001694	0,100003
0,001696	2,50455	0,001696	2,50552	0,001696	0,0988762
0,001698	2,50133	0,001698	2,50471	0,001698	0,0961393
0,0017	2,506	0,0017	2,50294	0,0017	0,100486
0,001702	2,50375	0,001702	2,50326	0,001702	0,0958173
0,001704	2,50487	0,001704	2,50423	0,001704	0,0953343
0,001706	2,50471	0,001706	2,50407	0,001706	0,0996812
0,001708	2,50391	0,001708	2,50246	0,001708	0,0975883
0,00171	2,50278	0,00171	2,5023	0,00171	0,0995202
0,001712	2,50552	0,001712	2,50407	0,001712	0,100325
0,001714	2,50439	0,001714	2,50375	0,001714	0,0975883
0,001716	2,50471	0,001716	2,50246	0,001716	0,0982322
0,001718	2,50616	0,001718	2,5031	0,001718	0,0987152
0,00172	2,50391	0,00172	2,50294	0,00172	0,0990372
0,001722	2,50536	0,001722	2,5023	0,001722	0,0983932
0,001724	2,5052	0,001724	2,50214	0,001724	0,0980712
0,001726	2,50326	0,001726	2,50294	0,001726	0,0971053
0,001728	2,50487	0,001728	2,50439	0,001728	0,0985542
0,00173	2,50375	0,00173	2,50536	0,00173	0,0975883
0,001732	2,50713	0,001732	2,50487	0,001732	0,0993592
0,001734	2,50326	0,001734	2,50439	0,001734	0,0971053
0,001736	2,50471	0,001736	2,50568	0,001736	0,0977493
0,001738	2,50552	0,001738	2,50375	0,001738	0,100003
0,00174	2,50552	0,00174	2,50181	0,00174	0,0974273
0,001742	2,50246	0,001742	2,5031	0,001742	0,0945293
0,001744	2,50471	0,001744	2,50358	0,001744	0,0966223
0,001746	2,50326	0,001746	2,50197	0,001746	0,0971053
0,001748	2,50455	0,001748	2,50278	0,001748	0,0975883
0,00175	2,50294	0,00175	2,50294	0,00175	0,0961393
0,001752	2,50552	0,001752	2,50133	0,001752	0,0974273
0,001754	2,50214	0,001754	2,50165	0,001754	0,0946903
0,001756	2,50262	0,001756	2,50149	0,001756	0,0951733
0,001758	2,50391	0,001758	2,50278	0,001758	0,0982322
0,00176	2,50713	0,00176	2,50455	0,00176	0,0980712
0,001762	2,50584	0,001762	2,5023	0,001762	0,0977493
0,001764	2,5023	0,001764	2,50294	0,001764	0,101452
0,001766	2,50632	0,001766	2,50375	0,001766	0,0991982
0,001768	2,50197	0,001768	2,50407	0,001768	0,0998422
0,00177	2,50439	0,00177	2,50536	0,00177	0,0948513
0,001772	2,50471	0,001772	2,50471	0,001772	0,0993592
0,001774	2,50407	0,001774	2,50455	0,001774	0,0943683
0,001776	2,50358	0,001776	2,50471	0,001776	0,0963003
0,001778	2,50326	0,001778	2,50471	0,001778	0,0987152
0,00178	2,50375	0,00178	2,50439	0,00178	0,0967833
0,001782	2,50487	0,001782	2,50455	0,001782	0,0979103
0,001784	2,50181	0,001784	2,50423	0,001784	0,0969443
0,001786	2,50487	0,001786	2,5052	0,001786	0,0967833
0,001788	2,50391	0,001788	2,50391	0,001788	0,0982322
0,00179	2,50552	0,00179	2,50246	0,00179	0,0980712
0,001792	2,50246	0,001792	2,50375	0,001792	0,0987152
0,001794	2,50326	0,001794	2,50375	0,001794	0,101291
0,001796	2,50616	0,001796	2,5023	0,001796	0,0993592
0,001798	2,50632	0,001798	2,50358	0,001798	0,0996812
0,0018	2,50455	0,0018	2,50439	0,0018	0,0991982
0,001802	2,50503	0,001802	2,50568	0,001802	0,0975883
0,001804	2,50358	0,001804	2,50632	0,001804	0,0982322
0,001806	2,50487	0,001806	2,50342	0,001806	0,0971053
0,001808	2,50568	0,001808	2,50809	0,001808	0,0954953
0,00181	2,50294	0,00181	2,50616	0,00181	0,0988762
0,001812	2,50375	0,001812	2,50439	0,001812	0,0980712
0,001814	2,50809	0,001814	2,50568	0,001814	0,0987152
0,001816	2,50616	0,001816	2,50503	0,001816	0,0993592
0,001818	2,50616	0,001818	2,50487	0,001818	0,0948513
0,00182	2,5052	0,00182	2,50423	0,00182	0,0945293
0,001822	2,50536	0,001822	2,50262	0,001822	0,0961393
0,001824	2,50423	0,001824	2,50487	0,001824	0,0975883
0,001826	2,50536	0,001826	2,50471	0,001826	0,0967833
0,001828	2,50246	0,001828	2,50246	0,001828	0,0977493
0,00183	2,50439	0,00183	2,50503	0,00183	0,0975883
0,001832	2,50358	0,001832	2,50375	0,001832	0,0969443
0,001834	2,50391	0,001834	2,50358	0,001834	0,0956563
0,001836	2,506	0,001836	2,50278	0,001836	0,0991982
0,001838	2,50616	0,001838	2,50439	0,001838	0,0967833
0,00184	2,50552	0,00184	2,50455	0,00184	0,0980712
0,001842	2,506	0,001842	2,50471	0,001842	0,0967833
0,001844	2,50568	0,001844	2,50471	0,001844	0,0975883
0,001846	2,50471	0,001846	2,50487	0,001846	0,0995202
0,001848	2,50503	0,001848	2,50455	0,001848	0,0987152
0,00185	2,50278	0,00185	2,50246	0,00185	0,0961393
0,001852	2,50729	0,001852	2,50278	0,001852	0,0995202
0,001854	2,50503	0,001854	2,50439	0,001854	0,0948513
0,001856	2,50423	0,001856	2,50536	0,001856	0,0971053
0,001858	2,50503	0,001858	2,50391	0,001858	0,0958173
0,00186	2,50471	0,00186	2,5023	0,00186	0,101452
0,001862	2,50165	0,001862	2,5031	0,001862	0,0993592
0,001864	2,5052	0,001864	2,50471	0,001864	0,0975883
0,001866	2,50552	0,001866	2,50455	0,001866	0,0961393
0,001868	2,50552	0,001868	2,50439	0,001868	0,100486
0,00187	2,50616	0,00187	2,50375	0,00187	0,0967833
0,001872	2,50375	0,001872	2,50391	0,001872	0,0967833
0,001874	2,50439	0,001874	2,50407	0,001874	0,0987152
0,001876	2,50552	0,001876	2,50391	0,001876	0,0988762
0,001878	2,50439	0,001878	2,50262	0,001878	0,0974273
0,00188	2,50326	0,00188	2,50391	0,00188	0,0982322
0,001882	2,506	0,001882	2,50503	0,001882	0,0971053
0,001884	2,50874	0,001884	2,50358	0,001884	0,0971053
0,001886	2,50423	0,001886	2,50407	0,001886	0,0987152
0,001888	2,50632	0,001888	2,5052	0,001888	0,0959783
0,00189	2,50358	0,00189	2,5052	0,00189	0,0991982
0,001892	2,50262	0,001892	2,50181	0,001892	0,0958173
0,001894	2,50455	0,001894	2,50294	0,001894	0,0963003
0,001896	2,506	0,001896	2,50375	0,001896	0,0995202
0,001898	2,5031	0,001898	2,50407	0,001898	0,0945293
0,0019	2,50729	0,0019	2,50294	0,0019	0,0979103
0,001902	2,50455	0,001902	2,50423	0,001902	0,0954953
0,001904	2,50455	0,001904	2,50471	0,001904	0,0980712
0,001906	2,50536	0,001906	2,50536	0,001906	0,0937243
0,001908	2,50503	0,001908	2,50439	0,001908	0,0974273
0,00191	2,50729	0,00191	2,50439	0,00191	0,0991982
0,001912	2,50503	0,001912	2,50487	0,001912	0,0972663
0,001914	2,50664	0,001914	2,50407	0,001914	0,0991982
0,001916	2,50503	0,001916	2,50423	0,001916	0,0969443
0,001918	2,50487	0,001918	2,5023	0,001918	0,0964613
0,00192	2,50648	0,00192	2,50439	0,00192	0,0961393
0,001922	2,50681	0,001922	2,50391	0,001922	0,0995202
0,001924	2,50407	0,001924	2,50246	0,001924	0,0966223
0,001926	2,50503	0,001926	2,50487	0,001926	0,0963003
0,001928	2,50487	0,001928	2,50358	0,001928	0,0930803
0,00193	2,50681	0,00193	2,5052	0,00193	0,0987152
0,001932	2,50471	0,001932	2,50278	0,001932	0,0995202
0,001934	2,50503	0,001934	2,50439	0,001934	0,0987152
0,001936	2,50423	0,001936	2,50552	0,001936	0,0958173
0,001938	2,50584	0,001938	2,50761	0,001938	0,0972663
0,00194	2,50439	0,00194	2,50568	0,00194	0,0987152
0,001942	2,50842	0,001942	2,50681	0,001942	0,0995202
0,001944	2,50552	0,001944	2,50648	0,001944	0,0982322
0,001946	2,50584	0,001946	2,50391	0,001946	0,0995202
0,001948	2,50423	0,001948	2,50455	0,001948	0,0990372
0,00195	2,50536	0,00195	2,50439	0,00195	0,0998422
0,001952	2,50536	0,001952	2,50503	0,001952	0,0975883
0,001954	2,50439	0,001954	2,50181	0,001954	0,0934023
0,001956	2,50842	0,001956	2,50471	0,001956	0,0980712
0,001958	2,50503	0,001958	2,50536	0,001958	0,0996812
0,00196	2,506	0,00196	2,50616	0,00196	0,102257
0,001962	2,50568	0,001962	2,50729	0,001962	0,0958173
0,001964	2,50568	0,001964	2,50439	0,001964	0,0998422
0,001966	2,50616	0,001966	2,50326	0,001966	0,0977493
0,001968	2,50568	0,001968	2,50407	0,001968	0,0996812
0,00197	2,50858	0,00197	2,50423	0,00197	0,0971053
0,001972	2,50391	0,001972	2,50358	0,001972	0,0982322
0,001974	2,50584	0,001974	2,50375	0,001974	0,100003
0,001976	2,50761	0,001976	2,50375	0,001976	0,0982322
0,001978	2,5052	0,001978	2,50503	0,001978	0,0982322
0,00198	2,50568	0,00198	2,50326	0,00198	0,0987152
0,001982	2,50552	0,001982	2,50375	0,001982	0,0988762
0,001984	2,506	0,001984	2,50358	0,001984	0,0996812
0,001986	2,50439	0,001986	2,50552	0,001986	0,0956563
0,001988	2,50455	0,001988	2,50375	0,001988	0,0995202
0,00199	2,50536	0,00199	2,50407	0,00199	0,0977493
0,001992	2,50455	0,001992	2,50536	0,001992	0,0964613
0,001994	2,5052	0,001994	2,50536	0,001994	0,0954953
0,001996	2,50471	0,001996	2,50487	0,001996	0,0982322
0,001998	2,50342	0,001998	2,50342	0,001998	0,0151569
