Time - V_S	Amplitude - V_S	Time - V_R	Amplitude - V_R	Time - V_C	Amplitude - V_C
0	-1,73683	0	1,45498	0	-3,129
2,00E-06	-2,25557	2,00E-06	1,38993	2,00E-06	-2,15881
4,00E-06	-2,38952	4,00E-06	1,31893	4,00E-06	-1,4876
6,00E-06	-2,48371	6,00E-06	1,25083	6,00E-06	-1,0294
8,00E-06	-2,54537	8,00E-06	1,19013	8,00E-06	-0,710947
1,00E-05	-2,58787	1,00E-05	1,12476	1,00E-05	-0,485227
1,20E-05	-2,61653	1,20E-05	1,06262	1,20E-05	-0,327609
1,40E-05	-2,63247	1,40E-05	1,00176	1,40E-05	-0,21652
1,60E-05	-2,6439	1,60E-05	0,945733	1,60E-05	-0,139402
1,80E-05	-2,64567	1,80E-05	0,888095	1,80E-05	-0,0886873
2,00E-05	-2,6439	2,00E-05	0,832711	2,00E-05	-0,0529456
2,20E-05	-2,64326	2,20E-05	0,781191	2,20E-05	-0,0241268
2,40E-05	-2,63988	2,40E-05	0,726773	2,40E-05	-0,00351898
2,60E-05	-2,63859	2,60E-05	0,677507	2,60E-05	0,00646294
2,80E-05	-2,6307	2,80E-05	0,627436	2,80E-05	0,0164449
3,00E-05	-2,62249	3,00E-05	0,577687	3,00E-05	0,0198258
3,20E-05	-2,6154	3,20E-05	0,531159	3,20E-05	0,0228848
3,40E-05	-2,60591	3,40E-05	0,485918	3,40E-05	0,0246558
3,60E-05	-2,59834	3,60E-05	0,440516	3,60E-05	0,0272318
3,80E-05	-2,58852	3,80E-05	0,396402	3,80E-05	0,0281978
4,00E-05	-2,58916	4,00E-05	0,352611	4,00E-05	0,0262658
4,20E-05	-2,57725	4,20E-05	0,309946	4,20E-05	0,0246558
4,40E-05	-2,57	4,40E-05	0,270501	4,40E-05	0,0241728
4,60E-05	-2,56179	4,60E-05	0,23009	4,60E-05	0,0214358
4,80E-05	-2,55213	4,80E-05	0,190002	4,80E-05	0,0230458
5,00E-05	-2,55004	5,00E-05	0,151684	5,00E-05	0,0186988
5,20E-05	-2,54118	5,20E-05	0,114171	5,20E-05	0,0177329
5,40E-05	-2,53555	5,40E-05	0,0795564	5,40E-05	0,0177329
5,60E-05	-2,52846	5,60E-05	0,0428487	5,60E-05	0,0153179
5,80E-05	-2,52106	5,80E-05	0,00984391	5,80E-05	0,0132249
6,00E-05	-2,51655	6,00E-05	-0,0268638	6,00E-05	0,0130639
6,20E-05	-2,50882	6,20E-05	-0,0605125	6,20E-05	0,0112929
6,40E-05	-2,50592	6,40E-05	-0,0904583	6,40E-05	0,0104879
6,60E-05	-2,49787	6,60E-05	-0,122175	6,60E-05	0,00903892
6,80E-05	-2,48934	6,80E-05	-0,15518	6,80E-05	0,00742893
7,00E-05	-2,48821	7,00E-05	-0,185769	7,00E-05	0,00678494
7,20E-05	-2,48097	7,20E-05	-0,213622	7,20E-05	0,00324296
7,40E-05	-2,47646	7,40E-05	-0,243729	7,40E-05	0,00517495
7,60E-05	-2,46906	7,60E-05	-0,271582	7,60E-05	0,00259897
7,80E-05	-2,46487	7,80E-05	-0,299113	7,80E-05	-0,00464598
8,00E-05	-2,46036	8,00E-05	-0,328253	8,00E-05	-0,000621007
8,20E-05	-2,45666	8,20E-05	-0,35514	8,20E-05	-0,000621007
8,40E-05	-2,45102	8,40E-05	-0,380256	8,40E-05	-0,00287499
8,60E-05	-2,44474	8,60E-05	-0,405694	8,60E-05	-0,00335799
8,80E-05	-2,44233	8,80E-05	-0,431775	8,80E-05	-0,00561197
9,00E-05	-2,43621	9,00E-05	-0,454476	9,00E-05	-0,00689996
9,20E-05	-2,43203	9,20E-05	-0,47927	9,20E-05	-0,00609496
9,40E-05	-2,43009	9,40E-05	-0,502132	9,40E-05	-0,00641696
9,60E-05	-2,42478	9,60E-05	-0,524832	9,60E-05	-0,00931494
9,80E-05	-2,41915	9,80E-05	-0,548177	9,80E-05	-0,0120519
1,00E-04	-2,41609	1,00E-04	-0,570395	1,00E-04	-0,0136619
0,000102	-2,41415	0,000102	-0,591164	0,000102	-0,0118909
0,000104	-2,40788	0,000104	-0,612094	0,000104	-0,0123739
0,000106	-2,40353	0,000106	-0,633184	0,000106	-0,0147889
0,000108	-2,39983	0,000108	-0,653631	0,000108	-0,0155939
0,00011	-2,39838	0,00011	-0,672307	0,00011	-0,0170429
0,000112	-2,39145	0,000112	-0,691949	0,000112	-0,0191359
0,000114	-2,38968	0,000114	-0,710142	0,000114	-0,0165599
0,000116	-2,38421	0,000116	-0,728657	0,000116	-0,0162379
0,000118	-2,38179	0,000118	-0,74701	0,000118	-0,0183309
0,00012	-2,37825	0,00012	-0,764559	0,00012	-0,0201019
0,000122	-2,37616	0,000122	-0,782913	0,000122	-0,0191359
0,000124	-2,37294	0,000124	-0,798047	0,000124	-0,0218728
0,000126	-2,3694	0,000126	-0,815274	0,000126	-0,0207458
0,000128	-2,36698	0,000128	-0,831696	0,000128	-0,0234828
0,00013	-2,36505	0,00013	-0,848117	0,00013	-0,0228388
0,000132	-2,36392	0,000132	-0,86309	0,000132	-0,0246098
0,000134	-2,35893	0,000134	-0,878385	0,000134	-0,0238048
0,000136	-2,35668	0,000136	-0,89368	0,000136	-0,0262198
0,000138	-2,35201	0,000138	-0,909297	0,000138	-0,0262198
0,00014	-2,34879	0,00014	-0,922016	0,00014	-0,0257368
0,000142	-2,34798	0,000142	-0,936667	0,000142	-0,0289568
0,000144	-2,34573	0,000144	-0,950351	0,000144	-0,0276688
0,000146	-2,34315	0,000146	-0,964358	0,000146	-0,0289568
0,000148	-2,34219	0,000148	-0,977238	0,000148	-0,0302448
0,00015	-2,33655	0,00015	-0,989635	0,00015	-0,0307278
0,000152	-2,33591	0,000152	-1,00219	0,000152	-0,0308888
0,000154	-2,33204	0,000154	-1,01491	0,000154	-0,0329818
0,000156	-2,33043	0,000156	-1,02699	0,000156	-0,0310498
0,000158	-2,32931	0,000158	-1,03826	0,000158	-0,0331428
0,00016	-2,32399	0,00016	-1,05017	0,00016	-0,0312108
0,000162	-2,32432	0,000162	-1,06192	0,000162	-0,0352357
0,000164	-2,31997	0,000164	-1,07335	0,000164	-0,0363627
0,000166	-2,32512	0,000166	-1,08462	0,000166	-0,0373287
0,000168	-2,32094	0,000168	-1,09541	0,000168	-0,0339477
0,00017	-2,31739	0,00017	-1,10539	0,00017	-0,0360407
0,000172	-2,31144	0,000172	-1,11521	0,000172	-0,0355577
0,000174	-2,31095	0,000174	-1,12568	0,000174	-0,0368457
0,000176	-2,31144	0,000176	-1,13647	0,000176	-0,0397437
0,000178	-2,31111	0,000178	-1,14613	0,000178	-0,0389387
0,00018	-2,30612	0,00018	-1,15562	0,00018	-0,0360407
0,000182	-2,30773	0,000182	-1,164	0,000182	-0,0378117
0,000184	-2,3029	0,000184	-1,17382	0,000184	-0,0373287
0,000186	-2,30162	0,000186	-1,18283	0,000186	-0,0363627
0,000188	-2,30162	0,000188	-1,1904	0,000188	-0,0386167
0,00019	-2,29952	0,00019	-1,19958	0,00019	-0,0400657
0,000192	-2,29856	0,000192	-1,20811	0,000192	-0,0386167
0,000194	-2,29743	0,000194	-1,21632	0,000194	-0,0429637
0,000196	-2,29469	0,000196	-1,22453	0,000196	-0,0410317
0,000198	-2,2926	0,000198	-1,23226	0,000198	-0,0402267
0,0002	-2,29051	0,0002	-1,23983	0,0002	-0,0405487
0,000202	-2,28825	0,000202	-1,24739	0,000202	-0,0424807
0,000204	-2,28487	0,000204	-1,2548	0,000204	-0,0437687
0,000206	-2,28616	0,000206	-1,26221	0,000206	-0,0432857
0,000208	-2,28439	0,000208	-1,26897	0,000208	-0,0419977
0,00021	-2,28246	0,00021	-1,27686	0,00021	-0,0408707
0,000212	-2,28101	0,000212	-1,28346	0,000212	-0,0465056
0,000214	-2,28262	0,000214	-1,28974	0,000214	-0,0434467
0,000216	-2,28133	0,000216	-1,29779	0,000216	-0,0448957
0,000218	-2,27779	0,000218	-1,30262	0,000218	-0,0452177
0,00022	-2,27956	0,00022	-1,31002	0,00022	-0,0457007
0,000222	-2,27747	0,000222	-1,31566	0,000222	-0,0444127
0,000224	-2,27698	0,000224	-1,32226	0,000224	-0,0473106
0,000226	-2,27505	0,000226	-1,32805	0,000226	-0,0477936
0,000228	-2,27618	0,000228	-1,33417	0,000228	-0,0494036
0,00023	-2,27296	0,00023	-1,33981	0,00023	-0,0473106
0,000232	-2,27183	0,000232	-1,34512	0,000232	-0,0482766
0,000234	-2,27038	0,000234	-1,35075	0,000234	-0,0474716
0,000236	-2,26909	0,000236	-1,35623	0,000236	-0,0489206
0,000238	-2,26781	0,000238	-1,3609	0,000238	-0,0463446
0,00024	-2,26781	0,00024	-1,36718	0,00024	-0,0487596
0,000242	-2,267	0,000242	-1,37217	0,000242	-0,0482766
0,000244	-2,26636	0,000244	-1,37651	0,000244	-0,0485986
0,000246	-2,26829	0,000246	-1,38215	0,000246	-0,0482766
0,000248	-2,267	0,000248	-1,3873	0,000248	-0,0506916
0,00025	-2,26137	0,00025	-1,39117	0,00025	-0,0518186
0,000252	-2,26249	0,000252	-1,396	0,000252	-0,0473106
0,000254	-2,25943	0,000254	-1,40163	0,000254	-0,0526236
0,000256	-2,26072	0,000256	-1,40533	0,000256	-0,0490816
0,000258	-2,25847	0,000258	-1,40968	0,000258	-0,0503696
0,00026	-2,26185	0,00026	-1,41403	0,00026	-0,0513356
0,000262	-2,25976	0,000262	-1,41789	0,000262	-0,0505306
0,000264	-2,25686	0,000264	-1,42272	0,000264	-0,0484376
0,000266	-2,25621	0,000266	-1,42675	0,000266	-0,0511746
0,000268	-2,25493	0,000268	-1,43013	0,000268	-0,0495646
0,00027	-2,25686	0,00027	-1,43431	0,00027	-0,0513356
0,000272	-2,25702	0,000272	-1,43802	0,000272	-0,0527846
0,000274	-2,25493	0,000274	-1,44156	0,000274	-0,0531066
0,000276	-2,2538	0,000276	-1,44591	0,000276	-0,0466666
0,000278	-2,25138	0,000278	-1,44896	0,000278	-0,0521406
0,00028	-2,25074	0,00028	-1,45299	0,00028	-0,0513356
0,000282	-2,24961	0,000282	-1,45556	0,000282	-0,0518186
0,000284	-2,24849	0,000284	-1,45959	0,000284	-0,0527846
0,000286	-2,24832	0,000286	-1,46297	0,000286	-0,0529456
0,000288	-2,24865	0,000288	-1,46603	0,000288	-0,0510136
0,00029	-2,24865	0,00029	-1,46925	0,00029	-0,0518186
0,000292	-2,24913	0,000292	-1,47311	0,000292	-0,0505306
0,000294	-2,24736	0,000294	-1,47585	0,000294	-0,0534286
0,000296	-2,24623	0,000296	-1,47891	0,000296	-0,0543946
0,000298	-2,24446	0,000298	-1,48149	0,000298	-0,0540726
0,0003	-2,24543	0,0003	-1,48438	0,0003	-0,0531066
0,000302	-2,24543	0,000302	-1,48728	0,000302	-0,0545556
0,000304	-2,24462	0,000304	-1,4905	0,000304	-0,0558436
0,000306	-2,24301	0,000306	-1,49308	0,000306	-0,0543946
0,000308	-2,24301	0,000308	-1,49598	0,000308	-0,0556826
0,00031	-2,24414	0,00031	-1,49823	0,00031	-0,0551996
0,000312	-2,24285	0,000312	-1,50081	0,000312	-0,0534286
0,000314	-2,24205	0,000314	-1,5037	0,000314	-0,0553606
0,000316	-2,2406	0,000316	-1,5058	0,000316	-0,0572926
0,000318	-2,2414	0,000318	-1,50918	0,000318	-0,0571316
0,00032	-2,23915	0,00032	-1,51063	0,00032	-0,0553606
0,000322	-2,23931	0,000322	-1,5132	0,000322	-0,0543946
0,000324	-2,23866	0,000324	-1,51546	0,000324	-0,0561656
0,000326	-2,23979	0,000326	-1,51787	0,000326	-0,0540726
0,000328	-2,23738	0,000328	-1,52013	0,000328	-0,0563266
0,00033	-2,23866	0,00033	-1,52286	0,00033	-0,0543946
0,000332	-2,23979	0,000332	-1,52431	0,000332	-0,0529456
0,000334	-2,23883	0,000334	-1,52657	0,000334	-0,0532676
0,000336	-2,23657	0,000336	-1,52834	0,000336	-0,0545556
0,000338	-2,2385	0,000338	-1,5314	0,000338	-0,0535896
0,00034	-2,23673	0,00034	-1,53236	0,00034	-0,0550386
0,000342	-2,23689	0,000342	-1,53429	0,000342	-0,0587415
0,000344	-2,23448	0,000344	-1,53687	0,000344	-0,0551996
0,000346	-2,234	0,000346	-1,53848	0,000346	-0,0537506
0,000348	-2,23448	0,000348	-1,54057	0,000348	-0,0568096
0,00035	-2,23673	0,00035	-1,54202	0,00035	-0,0584195
0,000352	-2,23544	0,000352	-1,54411	0,000352	-0,0511746
0,000354	-2,23222	0,000354	-1,5454	0,000354	-0,0577756
0,000356	-2,23432	0,000356	-1,54733	0,000356	-0,0542336
0,000358	-2,23448	0,000358	-1,54959	0,000358	-0,0547166
0,00036	-2,23158	0,00036	-1,55088	0,00036	-0,0571316
0,000362	-2,23383	0,000362	-1,55249	0,000362	-0,0568096
0,000364	-2,23061	0,000364	-1,55394	0,000364	-0,0532676
0,000366	-2,23206	0,000366	-1,55571	0,000366	-0,0574536
0,000368	-2,23335	0,000368	-1,55716	0,000368	-0,0555216
0,00037	-2,23029	0,00037	-1,55828	0,00037	-0,0569706
0,000372	-2,23271	0,000372	-1,56005	0,000372	-0,0551996
0,000374	-2,23174	0,000374	-1,56182	0,000374	-0,0542336
0,000376	-2,23222	0,000376	-1,56279	0,000376	-0,0574536
0,000378	-2,23045	0,000378	-1,56392	0,000378	-0,0582586
0,00038	-2,22981	0,00038	-1,56601	0,00038	-0,0598685
0,000382	-2,22917	0,000382	-1,56714	0,000382	-0,0584195
0,000384	-2,2311	0,000384	-1,56843	0,000384	-0,0597075
0,000386	-2,22997	0,000386	-1,56987	0,000386	-0,0597075
0,000388	-2,23255	0,000388	-1,57116	0,000388	-0,0598685
0,00039	-2,22788	0,00039	-1,57229	0,00039	-0,0576146
0,000392	-2,22852	0,000392	-1,57342	0,000392	-0,0576146
0,000394	-2,22756	0,000394	-1,5747	0,000394	-0,0571316
0,000396	-2,23013	0,000396	-1,57567	0,000396	-0,0600295
0,000398	-2,22627	0,000398	-1,5768	0,000398	-0,0603515
0,0004	-2,22756	0,0004	-1,57809	0,0004	-0,0553606
0,000402	-2,23319	0,000402	-1,57905	0,000402	-0,0572926
0,000404	-2,22981	0,000404	-1,5805	0,000404	-0,0569706
0,000406	-2,22723	0,000406	-1,58131	0,000406	-0,0572926
0,000408	-2,22562	0,000408	-1,58259	0,000408	-0,0580976
0,00041	-2,22723	0,00041	-1,58356	0,00041	-0,0605125
0,000412	-2,22643	0,000412	-1,5842	0,000412	-0,0579366
0,000414	-2,22578	0,000414	-1,58533	0,000414	-0,0584195
0,000416	-2,2282	0,000416	-1,5863	0,000416	-0,0572926
0,000418	-2,22643	0,000418	-1,58758	0,000418	-0,0585805
0,00042	-2,22788	0,00042	-1,58823	0,00042	-0,0584195
0,000422	-2,22884	0,000422	-1,58919	0,000422	-0,0592245
0,000424	-2,22739	0,000424	-1,59032	0,000424	-0,0592245
0,000426	-2,22434	0,000426	-1,59096	0,000426	-0,0585805
0,000428	-2,22611	0,000428	-1,59161	0,000428	-0,0564876
0,00043	-2,22884	0,00043	-1,59225	0,00043	-0,0600295
0,000432	-2,22627	0,000432	-1,59386	0,000432	-0,0589025
0,000434	-2,22385	0,000434	-1,59467	0,000434	-0,0593855
0,000436	-2,22691	0,000436	-1,59531	0,000436	-0,0593855
0,000438	-2,2224	0,000438	-1,59579	0,000438	-0,0597075
0,00044	-2,22176	0,00044	-1,5966	0,00044	-0,0619615
0,000442	-2,22466	0,000442	-1,59724	0,000442	-0,0593855
0,000444	-2,22482	0,000444	-1,59853	0,000444	-0,0593855
0,000446	-2,2245	0,000446	-1,59918	0,000446	-0,0585805
0,000448	-2,22256	0,000448	-1,59966	0,000448	-0,0600295
0,00045	-2,22385	0,00045	-1,60079	0,00045	-0,0577756
0,000452	-2,22385	0,000452	-1,60095	0,000452	-0,0584195
0,000454	-2,22578	0,000454	-1,60207	0,000454	-0,0601905
0,000456	-2,22273	0,000456	-1,6024	0,000456	-0,0592245
0,000458	-2,22434	0,000458	-1,60304	0,000458	-0,0589025
0,00046	-2,22321	0,00046	-1,60368	0,00046	-0,0590635
0,000462	-2,2245	0,000462	-1,60417	0,000462	-0,0613175
0,000464	-2,2245	0,000464	-1,60529	0,000464	-0,0605125
0,000466	-2,22466	0,000466	-1,60529	0,000466	-0,0605125
0,000468	-2,22321	0,000468	-1,60562	0,000468	-0,0590635
0,00047	-2,22273	0,00047	-1,60658	0,00047	-0,0582586
0,000472	-2,22417	0,000472	-1,60739	0,000472	-0,0600295
0,000474	-2,22482	0,000474	-1,60771	0,000474	-0,0624445
0,000476	-2,22289	0,000476	-1,60851	0,000476	-0,0645375
0,000478	-2,2224	0,000478	-1,60884	0,000478	-0,0614785
0,00048	-2,22095	0,00048	-1,609	0,00048	-0,0595465
0,000482	-2,22031	0,000482	-1,6098	0,000482	-0,0600295
0,000484	-2,22305	0,000484	-1,61077	0,000484	-0,0597075
0,000486	-2,22095	0,000486	-1,61061	0,000486	-0,0598685
0,000488	-2,22224	0,000488	-1,61125	0,000488	-0,0590635
0,00049	-2,22385	0,00049	-1,61189	0,00049	-0,0584195
0,000492	-2,22256	0,000492	-1,61238	0,000492	-0,0600295
0,000494	-2,22401	0,000494	-1,61238	0,000494	-0,0608345
0,000496	-2,2224	0,000496	-1,61286	0,000496	-0,0613175
0,000498	-2,20534	0,000498	-1,6135	0,000498	2,17723
0,0005	2,11219	0,0005	-1,42964	0,0005	2,79935
0,000502	2,3033	0,000502	-1,358	0,000502	1,93637
0,000504	2,42469	0,000504	-1,2907	0,000504	1,33181
0,000506	2,50858	0,000506	-1,22131	0,000506	0,919168
0,000508	2,56557	0,000508	-1,1574	0,000508	0,635969
0,00051	2,60212	0,00051	-1,09718	0,00051	0,430534
0,000512	2,62563	0,000512	-1,03375	0,000512	0,293524
0,000514	2,63899	0,000514	-0,978043	0,000514	0,190968
0,000516	2,64575	0,000516	-0,91622	0,000516	0,12045
0,000518	2,64623	0,000518	-0,861963	0,000518	0,0703795
0,00052	2,64688	0,00052	-0,807868	0,00052	0,0383407
0,000522	2,64269	0,000522	-0,755221	0,000522	0,0141909
0,000524	2,64076	0,000524	-0,704668	0,000524	-0,001426
0,000526	2,63287	0,000526	-0,651699	0,000526	-0,0115689
0,000528	2,62595	0,000528	-0,605654	0,000528	-0,0173649
0,00053	2,61806	0,00053	-0,555422	0,00053	-0,0228388
0,000532	2,61371	0,000532	-0,510504	0,000532	-0,0244488
0,000534	2,6055	0,000534	-0,463331	0,000534	-0,0281518
0,000536	2,59665	0,000536	-0,417124	0,000536	-0,0267028
0,000538	2,58827	0,000538	-0,376392	0,000538	-0,0276688
0,00054	2,58215	0,00054	-0,331956	0,00054	-0,0262198
0,000542	2,57523	0,000542	-0,290902	0,000542	-0,0221948
0,000544	2,56799	0,000544	-0,250652	0,000544	-0,0246098
0,000546	2,56219	0,000546	-0,212817	0,000546	-0,0220338
0,000548	2,55237	0,000548	-0,173534	0,000548	-0,0201019
0,00055	2,54706	0,00055	-0,13425	0,00055	-0,0157549
0,000552	2,5411	0,000552	-0,0967372	0,000552	-0,0180089
0,000554	2,53691	0,000554	-0,0621225	0,000554	-0,0168819
0,000556	2,52387	0,000556	-0,0273468	0,000556	-0,0146279
0,000558	2,52146	0,000558	0,00903892	0,000558	-0,0138229
0,00056	2,51711	0,00056	0,0417217	0,00056	-0,0130179
0,000562	2,50874	0,000562	0,0740824	0,000562	-0,0109249
0,000564	2,50246	0,000564	0,108375	0,000564	-0,00947594
0,000566	2,49827	0,000566	0,139126	0,000566	-0,0104419
0,000568	2,49215	0,000568	0,170199	0,000568	-0,00722196
0,00057	2,48652	0,00057	0,201272	0,00057	-0,00641696
0,000572	2,48443	0,000572	0,230734	0,000572	-0,00207
0,000574	2,47573	0,000574	0,257621	0,000574	-0,00207
0,000576	2,47026	0,000576	0,286118	0,000576	-0,001265
0,000578	2,46462	0,000578	0,31381	0,000578	-0,001426
0,00058	2,46076	0,00058	0,340375	0,00058	0,00114998
0,000582	2,45496	0,000582	0,367262	0,000582	0,00292097
0,000584	2,45061	0,000584	0,394309	0,000584	0,00211597
0,000586	2,44514	0,000586	0,419908	0,000586	0,00517495
0,000588	2,44369	0,000588	0,443897	0,000588	0,00565794
0,00059	2,43645	0,00059	0,467886	0,00059	0,00662394
0,000592	2,43596	0,000592	0,492036	0,000592	0,00662394
0,000594	2,42985	0,000594	0,512805	0,000594	0,00791193
0,000596	2,42743	0,000596	0,537438	0,000596	0,0100049
0,000598	2,41986	0,000598	0,559334	0,000598	0,0106489
0,0006	2,41809	0,0006	0,581229	0,0006	0,0137079
0,000602	2,41294	0,000602	0,602481	0,000602	0,0132249
0,000604	2,40827	0,000604	0,622928	0,000604	0,0124199
0,000606	2,40714	0,000606	0,64418	0,000606	0,0154789
0,000608	2,40392	0,000608	0,662534	0,000608	0,0145129
0,00061	2,39974	0,00061	0,683142	0,00061	0,0174109
0,000612	2,39571	0,000612	0,702462	0,000612	0,0175719
0,000614	2,39088	0,000614	0,720333	0,000614	0,0158009
0,000616	2,38782	0,000616	0,739975	0,000616	0,0201478
0,000618	2,38573	0,000618	0,757363	0,000618	0,0203088
0,00062	2,3801	0,00062	0,77459	0,00062	0,0185378
0,000622	2,37832	0,000622	0,791334	0,000622	0,0238508
0,000624	2,37575	0,000624	0,808561	0,000624	0,0228848
0,000626	2,37156	0,000626	0,8245	0,000626	0,0240118
0,000628	2,36931	0,000628	0,8406	0,000628	0,0224018
0,00063	2,36609	0,00063	0,857666	0,00063	0,0269098
0,000632	2,36351	0,000632	0,8728	0,000632	0,0254608
0,000634	2,36255	0,000634	0,886163	0,000634	0,0267488
0,000636	2,35723	0,000636	0,901619	0,000636	0,0257828
0,000638	2,35514	0,000638	0,91627	0,000638	0,0254608
0,00064	2,35353	0,00064	0,929794	0,00064	0,0273928
0,000642	2,35095	0,000642	0,944928	0,000642	0,0291638
0,000644	2,34661	0,000644	0,958613	0,000644	0,0275538
0,000646	2,34693	0,000646	0,971976	0,000646	0,0304518
0,000648	2,34789	0,000648	0,986788	0,000648	0,0322227
0,00065	2,34178	0,00065	0,997736	0,00065	0,0304518
0,000652	2,3363	0,000652	1,01062	0,000652	0,0339937
0,000654	2,33727	0,000654	1,02285	0,000654	0,0322227
0,000656	2,33212	0,000656	1,03444	0,000656	0,0360867
0,000658	2,33115	0,000658	1,04636	0,000658	0,0328667
0,00066	2,33051	0,00066	1,05747	0,00066	0,0341547
0,000662	2,32503	0,000662	1,06954	0,000662	0,0327057
0,000664	2,32487	0,000664	1,08097	0,000664	0,0347987
0,000666	2,32213	0,000666	1,09112	0,000666	0,0351207
0,000668	2,32149	0,000668	1,1011	0,000668	0,0359257
0,00067	2,31569	0,00067	1,11188	0,00067	0,0375357
0,000672	2,31698	0,000672	1,12235	0,000672	0,0352817
0,000674	2,31489	0,000674	1,13265	0,000674	0,0370527
0,000676	2,31215	0,000676	1,14264	0,000676	0,0383407
0,000678	2,3107	0,000678	1,15069	0,000678	0,0376967
0,00068	2,31086	0,00068	1,16147	0,00068	0,0375357
0,000682	2,30845	0,000682	1,17033	0,000682	0,0378577
0,000684	2,3078	0,000684	1,17934	0,000684	0,0405947
0,000686	2,30587	0,000686	1,18836	0,000686	0,0412387
0,000688	2,30233	0,000688	1,19689	0,000688	0,0383407
0,00069	2,30153	0,00069	1,20526	0,00069	0,0401117
0,000692	2,30136	0,000692	1,21412	0,000692	0,0420437
0,000694	2,29814	0,000694	1,2212	0,000694	0,0422047
0,000696	2,29927	0,000696	1,2307	0,000696	0,0420437
0,000698	2,29573	0,000698	1,2373	0,000698	0,0422047
0,0007	2,29444	0,0007	1,24519	0,0007	0,0436537
0,000702	2,29219	0,000702	1,2534	0,000702	0,0430097
0,000704	2,28752	0,000704	1,26081	0,000704	0,0434927
0,000706	2,28977	0,000706	1,26693	0,000706	0,0425267
0,000708	2,28913	0,000708	1,27514	0,000708	0,0467126
0,00071	2,28704	0,00071	1,28142	0,00071	0,0459076
0,000712	2,28704	0,000712	1,28882	0,000712	0,0452636
0,000714	2,28639	0,000714	1,29543	0,000714	0,0441366
0,000716	2,28478	0,000716	1,3017	0,000716	0,0468736
0,000718	2,28575	0,000718	1,30847	0,000718	0,0481616
0,00072	2,28301	0,00072	1,31539	0,00072	0,0460686
0,000722	2,27899	0,000722	1,32119	0,000722	0,0449416
0,000724	2,28043	0,000724	1,32698	0,000724	0,0476786
0,000726	2,27899	0,000726	1,33358	0,000726	0,0468736
0,000728	2,27866	0,000728	1,3389	0,000728	0,0462296
0,00073	2,27512	0,00073	1,34421	0,00073	0,0480006
0,000732	2,2748	0,000732	1,35081	0,000732	0,0468736
0,000734	2,27287	0,000734	1,35564	0,000734	0,0451026
0,000736	2,27158	0,000736	1,36047	0,000736	0,0465516
0,000738	2,27158	0,000738	1,3661	0,000738	0,0481616
0,00074	2,26997	0,00074	1,37142	0,00074	0,0505766
0,000742	2,27319	0,000742	1,37689	0,000742	0,0476786
0,000744	2,27142	0,000744	1,38124	0,000744	0,0488056
0,000746	2,27077	0,000746	1,38623	0,000746	0,0468736
0,000748	2,26707	0,000748	1,3917	0,000748	0,0480006
0,00075	2,26643	0,00075	1,39557	0,00075	0,0504156
0,000752	2,26707	0,000752	1,40056	0,000752	0,0521866
0,000754	2,26498	0,000754	1,40539	0,000754	0,0484836
0,000756	2,26643	0,000756	1,4099	0,000756	0,0507376
0,000758	2,26369	0,000758	1,41408	0,000758	0,0502546
0,00076	2,26449	0,00076	1,41811	0,00076	0,0497716
0,000762	2,26127	0,000762	1,42245	0,000762	0,0536356
0,000764	2,26079	0,000764	1,42616	0,000764	0,0517036
0,000766	2,2595	0,000766	1,43034	0,000766	0,0523476
0,000768	2,25886	0,000768	1,43485	0,000768	0,0494496
0,00077	2,25838	0,00077	1,43775	0,00077	0,0541186
0,000772	2,25902	0,000772	1,44226	0,000772	0,0515426
0,000774	2,2558	0,000774	1,44628	0,000774	0,0512206
0,000776	2,25596	0,000776	1,44934	0,000776	0,0520256
0,000778	2,25725	0,000778	1,45288	0,000778	0,0549236
0,00078	2,25451	0,00078	1,45626	0,00078	0,0529916
0,000782	2,25548	0,000782	1,46045	0,000782	0,0520256
0,000784	2,25403	0,000784	1,46383	0,000784	0,0510596
0,000786	2,25548	0,000786	1,46754	0,000786	0,0528306
0,000788	2,25355	0,000788	1,46995	0,000788	0,0544406
0,00079	2,25258	0,00079	1,47349	0,00079	0,0523476
0,000792	2,25081	0,000792	1,47655	0,000792	0,0557286
0,000794	2,25226	0,000794	1,48009	0,000794	0,0552456
0,000796	2,25097	0,000796	1,48219	0,000796	0,0529916
0,000798	2,24582	0,000798	1,48557	0,000798	0,0494496
0,0008	2,24872	0,0008	1,48879	0,0008	0,0533136
0,000802	2,25274	0,000802	1,49136	0,000802	0,0557286
0,000804	2,24646	0,000804	1,49362	0,000804	0,0531526
0,000806	2,24775	0,000806	1,49716	0,000806	0,0554066
0,000808	2,24984	0,000808	1,49957	0,000808	0,0555676
0,00081	2,24727	0,00081	1,50231	0,00081	0,0542796
0,000812	2,24791	0,000812	1,50489	0,000812	0,0534746
0,000814	2,24421	0,000814	1,50698	0,000814	0,0549236
0,000816	2,24534	0,000816	1,50972	0,000816	0,0560506
0,000818	2,24534	0,000818	1,51213	0,000818	0,0531526
0,00082	2,24405	0,00082	1,5139	0,00082	0,0555676
0,000822	2,24501	0,000822	1,51728	0,000822	0,0568556
0,000824	2,24469	0,000824	1,51873	0,000824	0,0562116
0,000826	2,24501	0,000826	1,52211	0,000826	0,0560506
0,000828	2,24163	0,000828	1,52372	0,000828	0,0552456
0,00083	2,24212	0,00083	1,52566	0,00083	0,0552456
0,000832	2,24212	0,000832	1,52839	0,000832	0,0549236
0,000834	2,24163	0,000834	1,53016	0,000834	0,0568556
0,000836	2,24453	0,000836	1,5321	0,000836	0,0571776
0,000838	2,23954	0,000838	1,53483	0,000838	0,0573386
0,00084	2,24131	0,00084	1,53644	0,00084	0,0539576
0,000842	2,24115	0,000842	1,53838	0,000842	0,0563726
0,000844	2,24131	0,000844	1,54031	0,000844	0,0562116
0,000846	2,24067	0,000846	1,54192	0,000846	0,0563726
0,000848	2,24051	0,000848	1,54401	0,000848	0,0562116
0,00085	2,24002	0,00085	1,54562	0,00085	0,0594315
0,000852	2,23906	0,000852	1,54755	0,000852	0,0546016
0,000854	2,23696	0,000854	1,54932	0,000854	0,0560506
0,000856	2,23809	0,000856	1,55093	0,000856	0,0562116
0,000858	2,23793	0,000858	1,55238	0,000858	0,0587875
0,00086	2,2368	0,00086	1,55399	0,00086	0,0587875
0,000862	2,23809	0,000862	1,55609	0,000862	0,0571776
0,000864	2,24018	0,000864	1,5577	0,000864	0,0584655
0,000866	2,23761	0,000866	1,55947	0,000866	0,0579825
0,000868	2,23954	0,000868	1,56043	0,000868	0,0544406
0,00087	2,23793	0,00087	1,56188	0,00087	0,0574995
0,000872	2,23535	0,000872	1,56333	0,000872	0,0584655
0,000874	2,23712	0,000874	1,5651	0,000874	0,0602365
0,000876	2,23616	0,000876	1,56639	0,000876	0,0584655
0,000878	2,2331	0,000878	1,56752	0,000878	0,0610415
0,00088	2,23632	0,00088	1,56929	0,00088	0,0591095
0,000882	2,23584	0,000882	1,57041	0,000882	0,0597535
0,000884	2,23229	0,000884	1,57186	0,000884	0,0562116
0,000886	2,23374	0,000886	1,57283	0,000886	0,0587875
0,000888	2,2331	0,000888	1,57412	0,000888	0,0579825
0,00089	2,2331	0,00089	1,57541	0,00089	0,0607195
0,000892	2,23358	0,000892	1,57669	0,000892	0,0592705
0,000894	2,2331	0,000894	1,5775	0,000894	0,0566946
0,000896	2,23487	0,000896	1,57895	0,000896	0,0591095
0,000898	2,23246	0,000898	1,58024	0,000898	0,0574995
0,0009	2,23519	0,0009	1,58152	0,0009	0,0602365
0,000902	2,23326	0,000902	1,58249	0,000902	0,0594315
0,000904	2,23229	0,000904	1,58329	0,000904	0,0603975
0,000906	2,23213	0,000906	1,58474	0,000906	0,0574995
0,000908	2,23294	0,000908	1,58571	0,000908	0,0587875
0,00091	2,23213	0,00091	1,58716	0,00091	0,0592705
0,000912	2,23133	0,000912	1,58748	0,000912	0,0594315
0,000914	2,23407	0,000914	1,58909	0,000914	0,0615245
0,000916	2,23229	0,000916	1,58973	0,000916	0,0584655
0,000918	2,22972	0,000918	1,59022	0,000918	0,0594315
0,00092	2,22924	0,00092	1,59183	0,00092	0,0594315
0,000922	2,23326	0,000922	1,59215	0,000922	0,0600755
0,000924	2,23133	0,000924	1,59328	0,000924	0,0634565
0,000926	2,23068	0,000926	1,59456	0,000926	0,0592705
0,000928	2,23181	0,000928	1,59473	0,000928	0,0602365
0,00093	2,22891	0,00093	1,59553	0,00093	0,0603975
0,000932	2,23278	0,000932	1,59682	0,000932	0,0566946
0,000934	2,22988	0,000934	1,59746	0,000934	0,0603975
0,000936	2,23068	0,000936	1,59827	0,000936	0,0600755
0,000938	2,22859	0,000938	1,59891	0,000938	0,0600755
0,00094	2,22553	0,00094	1,60004	0,00094	0,0589485
0,000942	2,22924	0,000942	1,60084	0,000942	0,0613635
0,000944	2,22924	0,000944	1,60165	0,000944	0,0595925
0,000946	2,2302	0,000946	1,60149	0,000946	0,0597535
0,000948	2,22956	0,000948	1,60278	0,000948	0,0600755
0,00095	2,22924	0,00095	1,60374	0,00095	0,0589485
0,000952	2,22795	0,000952	1,60422	0,000952	0,0607195
0,000954	2,22682	0,000954	1,60455	0,000954	0,0615245
0,000956	2,22553	0,000956	1,60535	0,000956	0,0603975
0,000958	2,22811	0,000958	1,60632	0,000958	0,0607195
0,00096	2,23004	0,00096	1,60696	0,00096	0,0583045
0,000962	2,22907	0,000962	1,60744	0,000962	0,0626515
0,000964	2,22827	0,000964	1,60825	0,000964	0,0607195
0,000966	2,22634	0,000966	1,60809	0,000966	0,0612025
0,000968	2,22618	0,000968	1,60889	0,000968	0,0605585
0,00097	2,23004	0,00097	1,6097	0,00097	0,0628125
0,000972	2,22682	0,000972	1,61067	0,000972	0,0608805
0,000974	2,22666	0,000974	1,61147	0,000974	0,0628125
0,000976	2,23036	0,000976	1,61163	0,000976	0,0603975
0,000978	2,22763	0,000978	1,61211	0,000978	0,0621685
0,00098	2,2265	0,00098	1,61276	0,00098	0,0600755
0,000982	2,22666	0,000982	1,61308	0,000982	0,0621685
0,000984	2,22956	0,000984	1,61372	0,000984	0,0597535
0,000986	2,22746	0,000986	1,61405	0,000986	0,0642615
0,000988	2,22956	0,000988	1,61453	0,000988	0,0597535
0,00099	2,2273	0,00099	1,61517	0,00099	0,0632955
0,000992	2,22763	0,000992	1,61533	0,000992	0,0620075
0,000994	2,22634	0,000994	1,61614	0,000994	0,0605585
0,000996	2,22666	0,000996	1,61662	0,000996	0,0576605
0,000998	2,22457	0,000998	1,61662	0,000998	2,30E-05
0,001	-1,90089	0,001	1,44789	0,001	-3,08198
0,001002	-2,26104	0,001002	1,37737	0,001002	-2,12339
0,001004	-2,39564	0,001004	1,30525	0,001004	-1,46233
0,001006	-2,48242	0,001006	1,23988	0,001006	-1,00751
0,001008	-2,54682	0,001008	1,17435	0,001008	-0,695169
0,00101	-2,58964	0,00101	1,11221	0,00101	-0,473796
0,001012	-2,61251	0,001012	1,05167	0,001012	-0,319559
0,001014	-2,6315	0,001014	0,991457	0,001014	-0,212334
0,001016	-2,63972	0,001016	0,934785	0,001016	-0,137631
0,001018	-2,64535	0,001018	0,874732	0,001018	-0,0828914
0,00102	-2,64503	0,00102	0,823051	0,00102	-0,0469886
0,001022	-2,64213	0,001022	0,767828	0,001022	-0,0205849
0,001024	-2,63955	0,001024	0,716791	0,001024	-0,00271399
0,001026	-2,63472	0,001026	0,667686	0,001026	0,00807293
0,001028	-2,62539	0,001028	0,616649	0,001028	0,0167669
0,00103	-2,61927	0,00103	0,568672	0,00103	0,0224018
0,001032	-2,61444	0,001032	0,520694	0,001032	0,0254608
0,001034	-2,60381	0,001034	0,474165	0,001034	0,0273928
0,001036	-2,59786	0,001036	0,430212	0,001036	0,0273928
0,001038	-2,59013	0,001038	0,385132	0,001038	0,0264268
0,00104	-2,58208	0,00104	0,344883	0,00104	0,0254608
0,001042	-2,57451	0,001042	0,301574	0,001042	0,0248168
0,001044	-2,56743	0,001044	0,261163	0,001044	0,0257828
0,001046	-2,56163	0,001046	0,220108	0,001046	0,0215968
0,001048	-2,55616	0,001048	0,183562	0,001048	0,0215968
0,00105	-2,54778	0,00105	0,144761	0,00105	0,0227238
0,001052	-2,5399	0,001052	0,106443	0,001052	0,0199868
0,001054	-2,53474	0,001054	0,0700575	0,001054	0,0169279
0,001056	-2,52927	0,001056	0,0346377	0,001056	0,0154789
0,001058	-2,52025	0,001058	0,00195497	0,001058	0,0111319
0,00106	-2,51397	0,00106	-0,0337867	0,00106	0,0111319
0,001062	-2,50979	0,001062	-0,0663085	0,001062	0,0122589
0,001064	-2,50206	0,001064	-0,0994742	0,001064	0,0129029
0,001066	-2,4961	0,001066	-0,130869	0,001066	0,00726793
0,001068	-2,49015	0,001068	-0,159849	0,001068	0,00211597
0,00107	-2,48161	0,00107	-0,190438	0,00107	0,00517495
0,001072	-2,48274	0,001072	-0,220384	0,001072	0,00388696
0,001074	-2,4763	0,001074	-0,249525	0,001074	0,00356496
0,001076	-2,47083	0,001076	-0,278022	0,001076	-0,001104
0,001078	-2,46567	0,001078	-0,306357	0,001078	-0,001104
0,00108	-2,4602	0,00108	-0,333405	0,00108	0,000183987
0,001082	-2,45376	0,001082	-0,359648	0,001082	-0,00223099
0,001084	-2,45054	0,001084	-0,385891	0,001084	-0,001748
0,001086	-2,44652	0,001086	-0,411972	0,001086	-0,00416298
0,001088	-2,4412	0,001088	-0,435639	0,001088	-0,00609496
0,00109	-2,43508	0,00109	-0,461721	0,00109	-0,00641696
0,001092	-2,4309	0,001092	-0,484583	0,001092	-0,00722196
0,001094	-2,43058	0,001094	-0,509055	0,001094	-0,00834895
0,001096	-2,42559	0,001096	-0,530628	0,001096	-0,00867094
0,001098	-2,41818	0,001098	-0,553007	0,001098	-0,0101199
0,0011	-2,41415	0,0011	-0,573615	0,0011	-0,0117299
0,001102	-2,4119	0,001102	-0,594706	0,001102	-0,0131789
0,001104	-2,40852	0,001104	-0,617407	0,001104	-0,0125349
0,001106	-2,40208	0,001106	-0,637692	0,001106	-0,0159159
0,001108	-2,40047	0,001108	-0,657334	0,001108	-0,0165599
0,00111	-2,39596	0,00111	-0,677459	0,00111	-0,0154329
0,001112	-2,39419	0,001112	-0,696618	0,001112	-0,0157549
0,001114	-2,39017	0,001114	-0,715616	0,001114	-0,0175259
0,001116	-2,38163	0,001116	-0,73413	0,001116	-0,0183309
0,001118	-2,38195	0,001118	-0,751196	0,001118	-0,0199409
0,00112	-2,3797	0,00112	-0,768906	0,00112	-0,0249318
0,001122	-2,37455	0,001122	-0,78565	0,001122	-0,0192969
0,001124	-2,37101	0,001124	-0,803199	0,001124	-0,0233218
0,001126	-2,36843	0,001126	-0,819782	0,001126	-0,0228388
0,001128	-2,3694	0,001128	-0,836686	0,001128	-0,0220338
0,00113	-2,36585	0,00113	-0,852142	0,00113	-0,0255758
0,001132	-2,35941	0,001132	-0,867276	0,001132	-0,0268638
0,001134	-2,357	0,001134	-0,881766	0,001134	-0,0273468
0,001136	-2,35764	0,001136	-0,896739	0,001136	-0,0281518
0,001138	-2,35346	0,001138	-0,911229	0,001138	-0,0260588
0,00114	-2,35056	0,00114	-0,925075	0,00114	-0,0292788
0,001142	-2,34573	0,001142	-0,939565	0,001142	-0,0267028
0,001144	-2,34251	0,001144	-0,954215	0,001144	-0,0302448
0,001146	-2,34074	0,001146	-0,965968	0,001146	-0,0287958
0,001148	-2,33784	0,001148	-0,980458	0,001148	-0,0294398
0,00115	-2,33671	0,00115	-0,993177	0,00115	-0,0323378
0,001152	-2,33414	0,001152	-1,0059	0,001152	-0,0324988
0,001154	-2,33124	0,001154	-1,01684	0,001154	-0,0324988
0,001156	-2,33446	0,001156	-1,02908	0,001156	-0,0324988
0,001158	-2,3277	0,001158	-1,0418	0,001158	-0,0365237
0,00116	-2,32705	0,00116	-1,05355	0,00116	-0,0331428
0,001162	-2,32754	0,001162	-1,06482	0,001162	-0,0323378
0,001164	-2,32013	0,001164	-1,07609	0,001164	-0,0358797
0,001166	-2,32029	0,001166	-1,08656	0,001166	-0,0357187
0,001168	-2,31594	0,001168	-1,09783	0,001168	-0,0339477
0,00117	-2,31594	0,00117	-1,10797	0,00117	-0,0379727
0,001172	-2,31289	0,001172	-1,11747	0,001172	-0,0371677
0,001174	-2,3116	0,001174	-1,12825	0,001174	-0,0382947
0,001176	-2,31079	0,001176	-1,13808	0,001176	-0,0395827
0,001178	-2,31015	0,001178	-1,14806	0,001178	-0,0387777
0,00118	-2,30628	0,00118	-1,1574	0,00118	-0,0407097
0,001182	-2,3058	0,001182	-1,16722	0,001182	-0,0397437
0,001184	-2,30371	0,001184	-1,17527	0,001184	-0,0355577
0,001186	-2,29856	0,001186	-1,18444	0,001186	-0,0387777
0,001188	-2,30033	0,001188	-1,19378	0,001188	-0,0413537
0,00119	-2,30017	0,00119	-1,20183	0,00119	-0,0434467
0,001192	-2,29727	0,001192	-1,21036	0,001192	-0,0407097
0,001194	-2,29324	0,001194	-1,21857	0,001194	-0,0419977
0,001196	-2,29002	0,001196	-1,22646	0,001196	-0,0419977
0,001198	-2,29244	0,001198	-1,23484	0,001198	-0,0442517
0,0012	-2,29083	0,0012	-1,24176	0,0012	-0,0428027
0,001202	-2,2889	0,001202	-1,24981	0,001202	-0,0434467
0,001204	-2,29035	0,001204	-1,25754	0,001204	-0,0461836
0,001206	-2,28664	0,001206	-1,26398	0,001206	-0,0415147
0,001208	-2,28616	0,001208	-1,27138	0,001208	-0,0452177
0,00121	-2,28503	0,00121	-1,27831	0,00121	-0,0444127
0,001212	-2,28197	0,001212	-1,28571	0,001212	-0,0469886
0,001214	-2,28358	0,001214	-1,29231	0,001214	-0,0487596
0,001216	-2,27698	0,001216	-1,29827	0,001216	-0,0442517
0,001218	-2,28052	0,001218	-1,30568	0,001218	-0,0468276
0,00122	-2,2773	0,00122	-1,31195	0,00122	-0,0460226
0,001222	-2,27634	0,001222	-1,31759	0,001222	-0,0477936
0,001224	-2,27586	0,001224	-1,32387	0,001224	-0,0469886
0,001226	-2,27038	0,001226	-1,32966	0,001226	-0,0495646
0,001228	-2,27408	0,001228	-1,3353	0,001228	-0,0479546
0,00123	-2,27167	0,00123	-1,34029	0,00123	-0,0474716
0,001232	-2,27264	0,001232	-1,34721	0,001232	-0,0469886
0,001234	-2,27199	0,001234	-1,35301	0,001234	-0,0457007
0,001236	-2,26829	0,001236	-1,35784	0,001236	-0,0487596
0,001238	-2,2699	0,001238	-1,36283	0,001238	-0,0510136
0,00124	-2,27151	0,00124	-1,36863	0,00124	-0,0492426
0,001242	-2,26861	0,001242	-1,37297	0,001242	-0,0510136
0,001244	-2,26459	0,001244	-1,37829	0,001244	-0,0494036
0,001246	-2,267	0,001246	-1,38408	0,001246	-0,0490816
0,001248	-2,26459	0,001248	-1,38795	0,001248	-0,0506916
0,00125	-2,2641	0,00125	-1,39326	0,00125	-0,0503696
0,001252	-2,26217	0,001252	-1,39777	0,001252	-0,0513356
0,001254	-2,26281	0,001254	-1,40211	0,001254	-0,0523016
0,001256	-2,2604	0,001256	-1,4071	0,001256	-0,0550386
0,001258	-2,25815	0,001258	-1,41145	0,001258	-0,0518186
0,00126	-2,25686	0,00126	-1,41532	0,00126	-0,0518186
0,001262	-2,25927	0,001262	-1,4195	0,001262	-0,0527846
0,001264	-2,25476	0,001264	-1,4232	0,001264	-0,0503696
0,001266	-2,25396	0,001266	-1,42771	0,001266	-0,0510136
0,001268	-2,25798	0,001268	-1,4319	0,001268	-0,0519796
0,00127	-2,2575	0,00127	-1,43496	0,00127	-0,0535896
0,001272	-2,2538	0,001272	-1,43979	0,001272	-0,0506916
0,001274	-2,25267	0,001274	-1,44333	0,001274	-0,0523016
0,001276	-2,25525	0,001276	-1,44719	0,001276	-0,0551996
0,001278	-2,25364	0,001278	-1,44993	0,001278	-0,0518186
0,00128	-2,25106	0,00128	-1,45379	0,00128	-0,0535896
0,001282	-2,25122	0,001282	-1,45734	0,001282	-0,0539116
0,001284	-2,24784	0,001284	-1,46184	0,001284	-0,0516576
0,001286	-2,24913	0,001286	-1,46442	0,001286	-0,0524626
0,001288	-2,248	0,001288	-1,46732	0,001288	-0,0531066
0,00129	-2,24752	0,00129	-1,47054	0,00129	-0,0524626
0,001292	-2,24977	0,001292	-1,4736	0,001292	-0,0543946
0,001294	-2,2472	0,001294	-1,47633	0,001294	-0,0550386
0,001296	-2,24768	0,001296	-1,48004	0,001296	-0,0553606
0,001298	-2,24382	0,001298	-1,48293	0,001298	-0,0540726
0,0013	-2,248	0,0013	-1,48551	0,0013	-0,0542336
0,001302	-2,24607	0,001302	-1,4876	0,001302	-0,0498866
0,001304	-2,24414	0,001304	-1,49098	0,001304	-0,0555216
0,001306	-2,24527	0,001306	-1,49404	0,001306	-0,0539116
0,001308	-2,24269	0,001308	-1,49614	0,001308	-0,0556826
0,00131	-2,24301	0,00131	-1,4992	0,00131	-0,0560046
0,001312	-2,2443	0,001312	-1,50161	0,001312	-0,0542336
0,001314	-2,24076	0,001314	-1,50467	0,001314	-0,0585805
0,001316	-2,24027	0,001316	-1,50725	0,001316	-0,0561656
0,001318	-2,24124	0,001318	-1,5095	0,001318	-0,0550386
0,00132	-2,23866	0,00132	-1,51256	0,00132	-0,0556826
0,001322	-2,2406	0,001322	-1,51417	0,001322	-0,0561656
0,001324	-2,23802	0,001324	-1,51642	0,001324	-0,0563266
0,001326	-2,23866	0,001326	-1,51884	0,001326	-0,0590635
0,001328	-2,23915	0,001328	-1,52093	0,001328	-0,0568096
0,00133	-2,2385	0,00133	-1,52335	0,00133	-0,0560046
0,001332	-2,23657	0,001332	-1,52512	0,001332	-0,0560046
0,001334	-2,23754	0,001334	-1,52785	0,001334	-0,0548776
0,001336	-2,23641	0,001336	-1,52962	0,001336	-0,0564876
0,001338	-2,2348	0,001338	-1,53172	0,001338	-0,0584195
0,00134	-2,23657	0,00134	-1,53349	0,00134	-0,0619615
0,001342	-2,23367	0,001342	-1,53574	0,001342	-0,0550386
0,001344	-2,23464	0,001344	-1,53751	0,001344	-0,0561656
0,001346	-2,23609	0,001346	-1,53896	0,001346	-0,0601905
0,001348	-2,23367	0,001348	-1,54138	0,001348	-0,0563266
0,00135	-2,23802	0,00135	-1,54315	0,00135	-0,0569706
0,001352	-2,23512	0,001352	-1,54492	0,001352	-0,0563266
0,001354	-2,23319	0,001354	-1,54669	0,001354	-0,0590635
0,001356	-2,23625	0,001356	-1,5483	0,001356	-0,0568096
0,001358	-2,23738	0,001358	-1,55023	0,001358	-0,0580976
0,00136	-2,23383	0,00136	-1,5512	0,00136	-0,0558436
0,001362	-2,23641	0,001362	-1,55297	0,001362	-0,0569706
0,001364	-2,23416	0,001364	-1,55458	0,001364	-0,0574536
0,001366	-2,23158	0,001366	-1,55603	0,001366	-0,0606735
0,001368	-2,23287	0,001368	-1,55732	0,001368	-0,0597075
0,00137	-2,22933	0,00137	-1,55957	0,00137	-0,0603515
0,001372	-2,22965	0,001372	-1,56086	0,001372	-0,0606735
0,001374	-2,23078	0,001374	-1,56263	0,001374	-0,0598685
0,001376	-2,23126	0,001376	-1,56376	0,001376	-0,0589025
0,001378	-2,23496	0,001378	-1,56504	0,001378	-0,0592245
0,00138	-2,22965	0,00138	-1,56665	0,00138	-0,0613175
0,001382	-2,22723	0,001382	-1,56778	0,001382	-0,0590635
0,001384	-2,23078	0,001384	-1,56907	0,001384	-0,0589025
0,001386	-2,2319	0,001386	-1,57052	0,001386	-0,0600295
0,001388	-2,23094	0,001388	-1,57197	0,001388	-0,0571316
0,00139	-2,2311	0,00139	-1,57261	0,00139	-0,0589025
0,001392	-2,22997	0,001392	-1,5739	0,001392	-0,0593855
0,001394	-2,22788	0,001394	-1,57487	0,001394	-0,0601905
0,001396	-2,23029	0,001396	-1,57631	0,001396	-0,0618005
0,001398	-2,22514	0,001398	-1,57744	0,001398	-0,0609955
0,0014	-2,229	0,0014	-1,57841	0,0014	-0,0566486
0,001402	-2,22514	0,001402	-1,57953	0,001402	-0,0585805
0,001404	-2,22756	0,001404	-1,58082	0,001404	-0,0600295
0,001406	-2,22643	0,001406	-1,58195	0,001406	-0,0609955
0,001408	-2,22514	0,001408	-1,58308	0,001408	-0,0608345
0,00141	-2,22788	0,00141	-1,58388	0,00141	-0,0576146
0,001412	-2,22707	0,001412	-1,58501	0,001412	-0,0568096
0,001414	-2,22659	0,001414	-1,58565	0,001414	-0,0589025
0,001416	-2,22643	0,001416	-1,58678	0,001416	-0,0606735
0,001418	-2,22788	0,001418	-1,58758	0,001418	-0,0613175
0,00142	-2,22514	0,00142	-1,58887	0,00142	-0,0589025
0,001422	-2,22546	0,001422	-1,59	0,001422	-0,0598685
0,001424	-2,22836	0,001424	-1,5908	0,001424	-0,0601905
0,001426	-2,22546	0,001426	-1,59113	0,001426	-0,0603515
0,001428	-2,22611	0,001428	-1,59225	0,001428	-0,0582586
0,00143	-2,22401	0,00143	-1,5929	0,00143	-0,0569706
0,001432	-2,22305	0,001432	-1,59402	0,001432	-0,0632495
0,001434	-2,22707	0,001434	-1,59499	0,001434	-0,0611565
0,001436	-2,22337	0,001436	-1,59596	0,001436	-0,0601905
0,001438	-2,22434	0,001438	-1,59644	0,001438	-0,0621225
0,00144	-2,22482	0,00144	-1,59724	0,00144	-0,0584195
0,001442	-2,22514	0,001442	-1,59789	0,001442	-0,0587415
0,001444	-2,22353	0,001444	-1,59837	0,001444	-0,0601905
0,001446	-2,22224	0,001446	-1,59918	0,001446	-0,0611565
0,001448	-2,22369	0,001448	-1,59982	0,001448	-0,0613175
0,00145	-2,22546	0,00145	-1,60079	0,00145	-0,0613175
0,001452	-2,22192	0,001452	-1,60175	0,001452	-0,0603515
0,001454	-2,22401	0,001454	-1,60191	0,001454	-0,0577756
0,001456	-2,2245	0,001456	-1,60272	0,001456	-0,0598685
0,001458	-2,22321	0,001458	-1,60304	0,001458	-0,0622835
0,00146	-2,22224	0,00146	-1,60401	0,00146	-0,0589025
0,001462	-2,22321	0,001462	-1,60449	0,001462	-0,0627665
0,001464	-2,22128	0,001464	-1,60529	0,001464	-0,0595465
0,001466	-2,22305	0,001466	-1,60545	0,001466	-0,0592245
0,001468	-2,22305	0,001468	-1,60642	0,001468	-0,0622835
0,00147	-2,22401	0,00147	-1,60658	0,00147	-0,0605125
0,001472	-2,22176	0,001472	-1,60787	0,001472	-0,0579366
0,001474	-2,22337	0,001474	-1,60803	0,001474	-0,0608345
0,001476	-2,22385	0,001476	-1,60819	0,001476	-0,0609955
0,001478	-2,22224	0,001478	-1,60932	0,001478	-0,0611565
0,00148	-2,22611	0,00148	-1,60964	0,00148	-0,0608345
0,001482	-2,22128	0,001482	-1,61028	0,001482	-0,0638935
0,001484	-2,22128	0,001484	-1,61077	0,001484	-0,0608345
0,001486	-2,22176	0,001486	-1,61125	0,001486	-0,0590635
0,001488	-2,2253	0,001488	-1,61157	0,001488	-0,0613175
0,00149	-2,2224	0,00149	-1,61254	0,00149	-0,0613175
0,001492	-2,22321	0,001492	-1,61302	0,001492	-0,0603515
0,001494	-2,22353	0,001494	-1,61318	0,001494	-0,0601905
0,001496	-2,22144	0,001496	-1,6135	0,001496	-0,0605125
0,001498	-2,20614	0,001498	-1,61093	0,001498	3,26385
0,0015	2,1212	0,0015	-1,42369	0,0015	2,76167
0,001502	2,30813	0,001502	-1,35478	0,001502	1,90192
0,001504	2,42357	0,001504	-1,28507	0,001504	1,30911
0,001506	2,51147	0,001506	-1,21793	0,001506	0,906127
0,001508	2,57056	0,001508	-1,1524	0,001508	0,623572
0,00151	2,6026	0,00151	-1,08994	0,00151	0,424416
0,001512	2,62289	0,001512	-1,0323	0,001512	0,28483
0,001514	2,6414	0,001514	-0,970154	0,001514	0,18485
0,001516	2,64768	0,001516	-0,914932	0,001516	0,116264
0,001518	2,64736	0,001518	-0,857616	0,001518	0,0707015
0,00152	2,64881	0,00152	-0,804809	0,00152	0,0360867
0,001522	2,64301	0,001522	-0,751196	0,001522	0,0141909
0,001524	2,63883	0,001524	-0,699838	0,001524	-0,001909
0,001526	2,62981	0,001526	-0,646708	0,001526	-0,0123739
0,001528	2,6245	0,001528	-0,599697	0,001528	-0,0197799
0,00153	2,61677	0,00153	-0,553007	0,00153	-0,0229998
0,001532	2,61162	0,001532	-0,505674	0,001532	-0,0268638
0,001534	2,60212	0,001534	-0,462204	0,001534	-0,0275078
0,001536	2,59665	0,001536	-0,415675	0,001536	-0,0278298
0,001538	2,59021	0,001538	-0,37124	0,001538	-0,0257368
0,00154	2,58312	0,00154	-0,32938	0,00154	-0,0254148
0,001542	2,57523	0,001542	-0,28897	0,001542	-0,0244488
0,001544	2,56654	0,001544	-0,247432	0,001544	-0,0244488
0,001546	2,56106	0,001546	-0,209436	0,001546	-0,0246098
0,001548	2,55575	0,001548	-0,169992	0,001548	-0,0223558
0,00155	2,54577	0,00155	-0,133123	0,00155	-0,0201019
0,001552	2,5411	0,001552	-0,0935173	0,001552	-0,0188139
0,001554	2,53305	0,001554	-0,0601905	0,001554	-0,0168819
0,001556	2,52757	0,001556	-0,0241268	0,001556	-0,0160769
0,001558	2,51969	0,001558	0,0120979	0,001558	-0,0149499
0,00156	2,51518	0,00156	0,0447806	0,00156	-0,0126959
0,001562	2,50858	0,001562	0,0764974	0,001562	-0,0101199
0,001564	2,50181	0,001564	0,108858	0,001564	-0,00738295
0,001566	2,49698	0,001566	0,141702	0,001566	-0,00963694
0,001568	2,49151	0,001568	0,172131	0,001568	-0,00673896
0,00157	2,48426	0,00157	0,202238	0,00157	-0,00287499
0,001572	2,48056	0,001572	0,232183	0,001572	-0,00335799
0,001574	2,47621	0,001574	0,260358	0,001574	-0,001265
0,001576	2,47074	0,001576	0,288211	0,001576	-0,001265
0,001578	2,46494	0,001578	0,315903	0,001578	-0,00319699
0,00158	2,46205	0,00158	0,344078	0,00158	0,00211597
0,001582	2,45657	0,001582	0,369837	0,001582	0,00259897
0,001584	2,45126	0,001584	0,396402	0,001584	0,00211597
0,001586	2,44804	0,001586	0,421518	0,001586	0,00662394
0,001588	2,44337	0,001588	0,446151	0,001588	0,00565794
0,00159	2,4358	0,00159	0,469657	0,00159	0,00936092
0,001592	2,4321	0,001592	0,493485	0,001592	0,00807293
0,001594	2,4321	0,001594	0,516991	0,001594	0,00936092
0,001596	2,42518	0,001596	0,539209	0,001596	0,00758993
0,001598	2,42292	0,001598	0,560461	0,001598	0,0111319
0,0016	2,41761	0,0016	0,583805	0,0016	0,0130639
0,001602	2,41294	0,001602	0,603608	0,001602	0,0124199
0,001604	2,41052	0,001604	0,624055	0,001604	0,0143519
0,001606	2,40553	0,001606	0,644824	0,001606	0,0156399
0,001608	2,40199	0,001608	0,666237	0,001608	0,0159619
0,00161	2,39668	0,00161	0,684752	0,00161	0,0143519
0,001612	2,39587	0,001612	0,70375	0,001612	0,0175719
0,001614	2,39249	0,001614	0,721299	0,001614	0,0182158
0,001616	2,38959	0,001616	0,739653	0,001616	0,0190208
0,001618	2,38187	0,001618	0,757846	0,001618	0,0196648
0,00162	2,38171	0,00162	0,777488	0,00162	0,0214358
0,001622	2,37832	0,001622	0,792461	0,001622	0,0211138
0,001624	2,37688	0,001624	0,809688	0,001624	0,0209528
0,001626	2,37221	0,001626	0,825788	0,001626	0,0252998
0,001628	2,36947	0,001628	0,842371	0,001628	0,0222408
0,00163	2,3648	0,00163	0,857827	0,00163	0,0261048
0,001632	2,36045	0,001632	0,873444	0,001632	0,0251388
0,001634	2,36013	0,001634	0,8889	0,001634	0,0261048
0,001636	2,35868	0,001636	0,903229	0,001636	0,0256218
0,001638	2,3545	0,001638	0,917236	0,001638	0,0283588
0,00164	2,35176	0,00164	0,932048	0,00164	0,0277148
0,001642	2,35111	0,001642	0,946216	0,001642	0,0294858
0,001644	2,34983	0,001644	0,958935	0,001644	0,0301298
0,001646	2,34564	0,001646	0,972781	0,001646	0,0306128
0,001648	2,3429	0,001648	0,985661	0,001648	0,0278758
0,00165	2,33759	0,00165	0,998702	0,00165	0,0309348
0,001652	2,33775	0,001652	1,01062	0,001652	0,0319007
0,001654	2,33759	0,001654	1,02414	0,001654	0,0317397
0,001656	2,33244	0,001656	1,03589	0,001656	0,0310957
0,001658	2,33002	0,001658	1,04765	0,001658	0,0325447
0,00166	2,32922	0,00166	1,05892	0,00166	0,0343157
0,001662	2,32761	0,001662	1,07035	0,001662	0,0306128
0,001664	2,32358	0,001664	1,08081	0,001664	0,0331887
0,001666	2,3231	0,001666	1,09128	0,001666	0,0360867
0,001668	2,32036	0,001668	1,10222	0,001668	0,0393067
0,00167	2,32133	0,00167	1,11317	0,00167	0,0375357
0,001672	2,31746	0,001672	1,12315	0,001672	0,0364087
0,001674	2,31489	0,001674	1,13265	0,001674	0,0362477
0,001676	2,31602	0,001676	1,14344	0,001676	0,0388237
0,001678	2,31102	0,001678	1,15197	0,001678	0,0372137
0,00168	2,3128	0,00168	1,16163	0,00168	0,0401117
0,001682	2,30748	0,001682	1,17097	0,001682	0,0388237
0,001684	2,3078	0,001684	1,18015	0,001684	0,0412387
0,001686	2,30555	0,001686	1,189	0,001686	0,0407557
0,001688	2,30362	0,001688	1,19705	0,001688	0,0391457
0,00169	2,3004	0,00169	1,20607	0,00169	0,0401117
0,001692	2,3012	0,001692	1,21428	0,001692	0,0425267
0,001694	2,29975	0,001694	1,22265	0,001694	0,0422047
0,001696	2,29831	0,001696	1,23119	0,001696	0,0405947
0,001698	2,29718	0,001698	1,23924	0,001698	0,0441366
0,0017	2,29283	0,0017	1,24648	0,0017	0,0430097
0,001702	2,29235	0,001702	1,25357	0,001702	0,0444586
0,001704	2,29348	0,001704	1,26145	0,001704	0,0441366
0,001706	2,28961	0,001706	1,2687	0,001706	0,0441366
0,001708	2,28961	0,001708	1,27594	0,001708	0,0428487
0,00171	2,288	0,00171	1,28271	0,00171	0,0460686
0,001712	2,28607	0,001712	1,28915	0,001712	0,0467126
0,001714	2,28478	0,001714	1,29607	0,001714	0,0451026
0,001716	2,28446	0,001716	1,30235	0,001716	0,0465516
0,001718	2,28414	0,001718	1,30863	0,001718	0,0460686
0,00172	2,28092	0,00172	1,31507	0,00172	0,0471956
0,001722	2,28076	0,001722	1,32119	0,001722	0,0476786
0,001724	2,2785	0,001724	1,32746	0,001724	0,0489666
0,001726	2,27931	0,001726	1,33326	0,001726	0,0494496
0,001728	2,27512	0,001728	1,33938	0,001728	0,0486446
0,00173	2,27657	0,00173	1,34469	0,00173	0,0481616
0,001732	2,27303	0,001732	1,35097	0,001732	0,0486446
0,001734	2,27432	0,001734	1,35564	0,001734	0,0494496
0,001736	2,27254	0,001736	1,36127	0,001736	0,0471956
0,001738	2,27158	0,001738	1,36707	0,001738	0,0507376
0,00174	2,27142	0,00174	1,37174	0,00174	0,0476786
0,001742	2,27206	0,001742	1,3777	0,001742	0,0492886
0,001744	2,26932	0,001744	1,38204	0,001744	0,0499326
0,001746	2,26755	0,001746	1,38607	0,001746	0,0513816
0,001748	2,26852	0,001748	1,39203	0,001748	0,0486446
0,00175	2,26771	0,00175	1,39621	0,00175	0,0517036
0,001752	2,26562	0,001752	1,4012	0,001752	0,0488056
0,001754	2,26578	0,001754	1,40474	0,001754	0,0510596
0,001756	2,26385	0,001756	1,40957	0,001756	0,0507376
0,001758	2,26305	0,001758	1,41457	0,001758	0,0486446
0,00176	2,26256	0,00176	1,41795	0,00176	0,0523476
0,001762	2,26401	0,001762	1,42278	0,001762	0,0510596
0,001764	2,2595	0,001764	1,42728	0,001764	0,0542796
0,001766	2,26015	0,001766	1,43115	0,001766	0,0508986
0,001768	2,26047	0,001768	1,43485	0,001768	0,0499326
0,00177	2,25918	0,00177	1,43904	0,00177	0,0529916
0,001772	2,25725	0,001772	1,44242	0,001772	0,0533136
0,001774	2,26031	0,001774	1,44693	0,001774	0,0520256
0,001776	2,25628	0,001776	1,45063	0,001776	0,0525086
0,001778	2,25451	0,001778	1,45288	0,001778	0,0555676
0,00178	2,25693	0,00178	1,45626	0,00178	0,0537966
0,001782	2,25451	0,001782	1,46061	0,001782	0,0555676
0,001784	2,25387	0,001784	1,46448	0,001784	0,0537966
0,001786	2,2558	0,001786	1,46721	0,001786	0,0531526
0,001788	2,25644	0,001788	1,47124	0,001788	0,0520256
0,00179	2,25306	0,00179	1,47381	0,00179	0,0554066
0,001792	2,25161	0,001792	1,47687	0,001792	0,0549236
0,001794	2,2521	0,001794	1,47993	0,001794	0,0537966
0,001796	2,25178	0,001796	1,48267	0,001796	0,0541186
0,001798	2,25033	0,001798	1,48637	0,001798	0,0541186
