Time - V_S	Amplitude - V_S	Time - V_R	Amplitude - V_R	Time - V_C	Amplitude - V_C
0	-1,60046	0	0,347781	0	-3,16152
2,00E-06	-2,05609	2,00E-06	0,308497	2,00E-06	-2,19713
4,00E-06	-2,19938	4,00E-06	0,263578	4,00E-06	-1,5293
6,00E-06	-2,2926	6,00E-06	0,215761	6,00E-06	-1,06788
8,00E-06	-2,36296	8,00E-06	0,17519	8,00E-06	-0,746688
1,00E-05	-2,40369	1,00E-05	0,133974	1,00E-05	-0,52451
1,20E-05	-2,43508	1,20E-05	0,0951733	1,20E-05	-0,365927
1,40E-05	-2,4573	1,40E-05	0,0537966	1,40E-05	-0,25516
1,60E-05	-2,47228	1,60E-05	0,0159619	1,60E-05	-0,18094
1,80E-05	-2,47533	1,80E-05	-0,0221948	1,80E-05	-0,124107
2,00E-05	-2,48065	2,00E-05	-0,0574536	2,00E-05	-0,0865943
2,20E-05	-2,48274	2,20E-05	-0,0909413	2,20E-05	-0,0616395
2,40E-05	-2,48242	2,40E-05	-0,1262	2,40E-05	-0,0426417
2,60E-05	-2,4763	2,60E-05	-0,158561	2,60E-05	-0,0299228
2,80E-05	-2,47517	2,80E-05	-0,19237	2,80E-05	-0,0207458
3,00E-05	-2,4726	3,00E-05	-0,225214	3,00E-05	-0,0122129
3,20E-05	-2,4668	3,20E-05	-0,257736	3,20E-05	-0,0135009
3,40E-05	-2,46342	3,40E-05	-0,287038	3,40E-05	-0,00915394
3,60E-05	-2,45714	3,60E-05	-0,316178	3,60E-05	-0,00834895
3,80E-05	-2,45457	3,80E-05	-0,34548	3,80E-05	-0,00577297
4,00E-05	-2,45102	4,00E-05	-0,374299	4,00E-05	-0,00545097
4,20E-05	-2,44603	4,20E-05	-0,401669	4,20E-05	-0,00754395
4,40E-05	-2,43975	4,40E-05	-0,427589	4,40E-05	-0,00609496
4,60E-05	-2,43557	4,60E-05	-0,455281	4,60E-05	-0,00883194
4,80E-05	-2,43267	4,80E-05	-0,479109	4,80E-05	-0,00899294
5,00E-05	1,78261	5,00E-05	-0,337752	5,00E-05	3,11637
5,20E-05	2,06437	5,20E-05	-0,292351	5,20E-05	2,16161
5,40E-05	2,20283	5,40E-05	-0,249525	5,40E-05	1,50601
5,60E-05	2,3012	5,60E-05	-0,203479	5,60E-05	1,05312
5,80E-05	2,36915	5,80E-05	-0,163391	5,80E-05	0,740458
6,00E-05	2,41213	6,00E-05	-0,120887	6,00E-05	0,517635
6,20E-05	2,4424	6,20E-05	-0,0819254	6,20E-05	0,360983
6,40E-05	2,46333	6,40E-05	-0,0426417	6,40E-05	0,255367
6,60E-05	2,47428	6,60E-05	-0,00432398	6,60E-05	0,177444
6,80E-05	2,4796	6,80E-05	0,0322227	6,80E-05	0,122543
7,00E-05	2,48475	7,00E-05	0,0692525	7,00E-05	0,0869623
7,20E-05	2,48443	7,20E-05	0,103867	7,20E-05	0,0603975
7,40E-05	2,48426	7,40E-05	0,138643	7,40E-05	0,0433317
7,60E-05	2,47976	7,60E-05	0,172453	7,60E-05	0,0301298
7,80E-05	2,47815	7,80E-05	0,206584	7,80E-05	0,0190208
8,00E-05	2,4738	8,00E-05	0,235886	8,00E-05	0,0119369
8,20E-05	2,46607	8,20E-05	0,268247	8,20E-05	0,0114539
8,40E-05	2,46462	8,40E-05	0,297549	8,40E-05	0,0100049
8,60E-05	2,45915	8,60E-05	0,326368	8,60E-05	0,00597994
8,80E-05	2,45496	8,80E-05	0,356314	8,80E-05	0,00726793
9,00E-05	2,45061	9,00E-05	0,384327	9,00E-05	0,00597994
9,20E-05	2,44788	9,20E-05	0,411375	9,20E-05	0,00597994
9,40E-05	2,44079	9,40E-05	0,43794	9,40E-05	0,00597994
9,60E-05	2,43693	9,60E-05	0,464666	9,60E-05	0,00791193
9,80E-05	2,43178	9,80E-05	0,48946	9,80E-05	0,00646294
1,00E-04	-1,57213	1,00E-04	0,354865	1,00E-04	-3,16699
0,000102	-2,05674	0,000102	0,304633	0,000102	-2,19487
0,000104	-2,19906	0,000104	0,26068	0,000104	-1,52801
0,000106	-2,29453	0,000106	0,214634	0,000106	-1,06852
0,000108	-2,3578	0,000108	0,172775	0,000108	-0,75023
0,00011	-2,40755	0,00011	0,130915	0,00011	-0,525798
0,000112	-2,43927	0,000112	0,0908263	0,000112	-0,367376
0,000114	-2,4536	0,000114	0,0526696	0,000114	-0,257736
0,000116	-2,47067	0,000116	0,0138689	0,000116	-0,182872
0,000118	-2,47727	0,000118	-0,0233218	0,000118	-0,126039
0,00012	-2,48033	0,00012	-0,0600295	0,00012	-0,0864333
0,000122	-2,48097	0,000122	-0,0948053	0,000122	-0,0577756
0,000124	-2,48113	0,000124	-0,128615	0,000124	-0,0436077
0,000126	-2,4792	0,000126	-0,16484	0,000126	-0,0316938
0,000128	-2,47517	0,000128	-0,196556	0,000128	-0,0212288
0,00013	-2,47163	0,00013	-0,228756	0,00013	-0,0146279
0,000132	-2,46777	0,000132	-0,259346	0,000132	-0,0123739
0,000134	-2,46374	0,000134	-0,288648	0,000134	-0,00931494
0,000136	-2,45923	0,000136	-0,317627	0,000136	-0,00496797
0,000138	-2,45183	0,000138	-0,346929	0,000138	-0,00689996
0,00014	-2,44587	0,00014	-0,376231	0,00014	-0,00706096
0,000142	-2,44491	0,000142	-0,404245	0,000142	-0,00802695
0,000144	-2,44297	0,000144	-0,429199	0,000144	-0,00673896
0,000146	-2,43267	0,000146	-0,455442	0,000146	-0,00786595
0,000148	-2,43042	0,000148	-0,481685	0,000148	-0,00496797
0,00015	1,78567	0,00015	-0,338879	0,00015	3,11395
0,000152	2,06678	0,000152	-0,294766	0,000152	2,15855
0,000154	2,2046	0,000154	-0,249847	0,000154	1,5044
0,000156	2,30088	0,000156	-0,205733	0,000156	1,05344
0,000158	2,36625	0,000158	-0,161137	0,000158	0,73917
0,00016	2,41181	0,00016	-0,123141	0,00016	0,517313
0,000162	2,44273	0,000162	-0,0827304	0,000162	0,361305
0,000164	2,46027	0,000164	-0,0415147	0,000164	0,255206
0,000166	2,4746	0,000166	-0,00400198	0,000166	0,175512
0,000168	2,4804	0,000168	0,0336717	0,000168	0,121416
0,00017	2,48121	0,00017	0,0698965	0,00017	0,0845473
0,000172	2,48378	0,000172	0,103867	0,000172	0,0586265
0,000174	2,48024	0,000174	0,137838	0,000174	0,0394677
0,000176	2,48072	0,000176	0,172936	0,000176	0,0281978
0,000178	2,47654	0,000178	0,204653	0,000178	0,0195038
0,00018	2,47251	0,00018	0,235564	0,00018	0,0149959
0,000182	2,46543	0,000182	0,266637	0,000182	0,0114539
0,000184	2,4635	0,000184	0,296744	0,000184	0,00839492
0,000186	2,46205	0,000186	0,327334	0,000186	0,00678494
0,000188	2,45383	0,000188	0,355026	0,000188	0,00694593
0,00019	2,45061	0,00019	0,383844	0,00019	0,00614094
0,000192	2,44578	0,000192	0,410892	0,000192	0,00775093
0,000194	2,44128	0,000194	0,43794	0,000194	0,00678494
0,000196	2,43516	0,000196	0,464183	0,000196	0,00758993
0,000198	2,43226	0,000198	0,489138	0,000198	0,00758993
