Time - V_S	Amplitude - V_S	Time - V_R	Amplitude - V_R	Time - V_C	Amplitude - V_C
0	-1,42739	0	-0,267396	0	-3,19308
2,00E-06	-1,9896	2,00E-06	-1,31695	2,00E-06	-2,25815
4,00E-06	-2,1353	4,00E-06	-1,81314	4,00E-06	-1,60787
6,00E-06	-2,23496	6,00E-06	-2,07123	6,00E-06	-1,16206
8,00E-06	-2,31337	8,00E-06	-2,21677	8,00E-06	-0,847473
1,00E-05	-2,3628	1,00E-05	-2,30371	1,00E-05	-0,624651
1,20E-05	-2,40047	1,20E-05	-2,36247	1,20E-05	-0,473474
1,40E-05	-2,4272	1,40E-05	-2,40176	1,40E-05	-0,359165
1,60E-05	-2,44185	1,60E-05	-2,43009	1,60E-05	-0,282691
1,80E-05	-2,46197	1,80E-05	-2,44845	1,80E-05	-0,232459
2,00E-05	-2,46922	2,00E-05	-2,46197	2,00E-05	-0,193336
2,20E-05	-2,47711	2,20E-05	-2,4763	2,20E-05	-0,166611
2,40E-05	-2,48435	2,40E-05	-2,4829	2,40E-05	-0,142461
2,60E-05	-2,4916	2,60E-05	-2,48612	2,60E-05	-0,133767
2,80E-05	-2,48982	2,80E-05	-2,48902	2,80E-05	-0,122175
3,00E-05	-2,49079	3,00E-05	-2,49449	3,00E-05	-0,11493
3,20E-05	-2,49304	3,20E-05	-2,49546	3,20E-05	-0,109778
3,40E-05	-2,49288	3,40E-05	-2,49643	3,40E-05	-0,107041
3,60E-05	-2,49272	3,60E-05	-2,50158	3,60E-05	-0,103338
3,80E-05	-2,49965	3,80E-05	-2,50351	3,80E-05	-0,101567
4,00E-05	-2,49659	4,00E-05	-2,50077	4,00E-05	-0,0996352
4,20E-05	-2,49594	4,20E-05	-2,49771	4,20E-05	-0,0943223
4,40E-05	-2,49594	4,40E-05	-2,50158	4,40E-05	-0,0985082
4,60E-05	-2,499	4,60E-05	-2,49916	4,60E-05	-0,0962542
4,80E-05	-2,49787	4,80E-05	-2,49997	4,80E-05	-0,0946443
5,00E-05	1,67957	5,00E-05	0,270179	5,00E-05	3,13682
5,20E-05	2,00399	5,20E-05	1,33246	5,20E-05	2,21587
5,40E-05	2,15002	5,40E-05	1,82689	5,40E-05	1,58329
5,60E-05	2,24711	5,60E-05	2,08272	5,60E-05	1,14408
5,80E-05	2,32052	5,80E-05	2,22779	5,80E-05	0,835287
6,00E-05	2,37027	6,00E-05	2,31183	6,00E-05	0,618581
6,20E-05	2,40763	6,20E-05	2,36818	6,20E-05	0,465793
6,40E-05	2,4321	6,40E-05	2,4073	6,40E-05	0,357119
6,60E-05	2,44965	6,60E-05	2,43403	6,60E-05	0,282254
6,80E-05	2,46317	6,80E-05	2,45303	6,80E-05	0,231056
7,00E-05	2,47654	7,00E-05	2,46559	7,00E-05	0,187909
7,20E-05	2,47847	7,20E-05	2,47187	7,20E-05	0,163437
7,40E-05	2,48732	7,40E-05	2,47976	7,40E-05	0,142507
7,60E-05	2,48652	7,60E-05	2,48314	7,60E-05	0,130271
7,80E-05	2,49151	7,80E-05	2,48765	7,80E-05	0,123026
8,00E-05	2,49505	8,00E-05	2,49087	8,00E-05	0,114654
8,20E-05	2,49714	8,20E-05	2,4936	8,20E-05	0,109985
8,40E-05	2,49795	8,40E-05	2,49457	8,40E-05	0,104672
8,60E-05	2,49779	8,60E-05	2,49457	8,60E-05	0,10274
8,80E-05	2,50053	8,80E-05	2,49666	8,80E-05	0,0998422
9,00E-05	2,49908	9,00E-05	2,49811	9,00E-05	0,0980712
9,20E-05	2,50004	9,20E-05	2,49731	9,20E-05	0,0987152
9,40E-05	2,50053	9,40E-05	2,49747	9,40E-05	0,0983932
9,60E-05	2,49956	9,60E-05	2,49924	9,60E-05	0,0971053
9,80E-05	2,49827	9,80E-05	2,49859	9,80E-05	0,0983932
1,00E-04	-1,48068	1,00E-04	-0,25194	1,00E-04	-3,17086
0,000102	-1,99588	0,000102	-1,31582	0,000102	-2,2406
0,000104	-2,13482	0,000104	-1,8125	0,000104	-1,5995
0,000106	-2,23947	0,000106	-2,07155	0,000106	-1,15579
0,000108	-2,31128	0,000108	-2,21564	0,000108	-0,842321
0,00011	-2,36215	0,00011	-2,30612	0,00011	-0,620305
0,000112	-2,39677	0,000112	-2,36457	0,000112	-0,469932
0,000114	-2,42349	0,000114	-2,40015	0,000114	-0,359165
0,000116	-2,44571	0,000116	-2,42945	0,000116	-0,284623
0,000118	-2,45859	0,000118	-2,45135	0,000118	-0,229722
0,00012	-2,46906	0,00012	-2,46455	0,00012	-0,189794
0,000122	-2,47839	0,000122	-2,47244	0,000122	-0,165806
0,000124	-2,48355	0,000124	-2,47872	0,000124	-0,142622
0,000126	-2,48628	0,000126	-2,48548	0,000126	-0,132318
0,000128	-2,48854	0,000128	-2,48982	0,000128	-0,12137
0,00013	-2,49143	0,00013	-2,49288	0,00013	-0,111871
0,000132	-2,49176	0,000132	-2,49465	0,000132	-0,109295
0,000134	-2,49562	0,000134	-2,49804	0,000134	-0,104304
0,000136	-2,49353	0,000136	-2,499	0,000136	-0,102372
0,000138	-2,49562	0,000138	-2,49707	0,000138	-0,100923
0,00014	-2,49449	0,00014	-2,49755	0,00014	-0,0999572
0,000142	-2,49852	0,000142	-2,49884	0,000142	-0,0954492
0,000144	-2,49691	0,000144	-2,4982	0,000144	-0,0972202
0,000146	-2,49739	0,000146	-2,49755	0,000146	-0,0986692
0,000148	-2,50126	0,000148	-2,49884	0,000148	-0,0946443
0,00015	1,66202	0,00015	0,267764	0,00015	3,13859
0,000152	2,00045	0,000152	1,32746	0,000152	2,21941
0,000154	2,14632	0,000154	1,82609	0,000154	1,58523
0,000156	2,24437	0,000156	2,07886	0,000156	1,1473
0,000158	2,32052	0,000158	2,22714	0,000158	0,835931
0,00016	2,36995	0,00016	2,31424	0,00016	0,621962
0,000162	2,40956	0,000162	2,37043	0,000162	0,467081
0,000164	2,4329	0,000164	2,40714	0,000164	0,35889
0,000166	2,4511	0,000166	2,4329	0,000166	0,278229
0,000168	2,46494	0,000168	2,45142	0,000168	0,225904
0,00017	2,47525	0,00017	2,46317	0,00017	0,188875
0,000172	2,48217	0,000172	2,47525	0,000172	0,163437
0,000174	2,48652	0,000174	2,47911	0,000174	0,144117
0,000176	2,49199	0,000176	2,48587	0,000176	0,130754
0,000178	2,49135	0,000178	2,49006	0,000178	0,12206
0,00018	2,49618	0,00018	2,49312	0,00018	0,113527
0,000182	2,49521	0,000182	2,49376	0,000182	0,112239
0,000184	2,50004	0,000184	2,49747	0,000184	0,106121
0,000186	2,49747	0,000186	2,49666	0,000186	0,101935
0,000188	2,50036	0,000188	2,49602	0,000188	0,101774
0,00019	2,50053	0,00019	2,49457	0,00019	0,100003
0,000192	2,49972	0,000192	2,4965	0,000192	0,100003
0,000194	2,49795	0,000194	2,49827	0,000194	0,0975883
0,000196	2,50165	0,000196	2,49956	0,000196	0,0975883
0,000198	2,50278	0,000198	2,49634	0,000198	0,0942073
