Time - V_S	Amplitude - V_S	Time - V_R	Amplitude - V_R	Time - V_C	Amplitude - V_C
0	-2,31466	0	-0,854879	0	1,26355
2,00E-06	-2,72166	2,00E-06	-1,96947	2,00E-06	1,15906
4,00E-06	-2,70122	4,00E-06	-2,40305	4,00E-06	1,08001
6,00E-06	-2,68914	6,00E-06	-2,5729	6,00E-06	1,01223
8,00E-06	-2,68174	8,00E-06	-2,63279	8,00E-06	0,949436
1,00E-05	-2,67143	1,00E-05	-2,65565	1,00E-05	0,890188
1,20E-05	-2,66467	1,20E-05	-2,66258	1,20E-05	0,833194
1,40E-05	-2,65372	1,40E-05	-2,65791	1,40E-05	0,777166
1,60E-05	-2,64632	1,60E-05	-2,65115	1,60E-05	0,725968
1,80E-05	-2,63827	1,80E-05	-2,64599	1,80E-05	0,671067
2,00E-05	-2,63295	2,00E-05	-2,63682	2,00E-05	0,621318
2,20E-05	-2,62297	2,20E-05	-2,62812	2,20E-05	0,573019
2,40E-05	-2,61347	2,40E-05	-2,62136	2,40E-05	0,525202
2,60E-05	-2,60639	2,60E-05	-2,61508	2,60E-05	0,477707
2,80E-05	-2,59979	2,80E-05	-2,60671	2,80E-05	0,430212
3,00E-05	-2,58932	3,00E-05	-2,59866	3,00E-05	0,386581
3,20E-05	-2,58481	3,20E-05	-2,58771	3,20E-05	0,344239
3,40E-05	-2,57435	3,40E-05	-2,58224	3,40E-05	0,300769
3,60E-05	-2,56727	3,60E-05	-2,57548	3,60E-05	0,261324
3,80E-05	-2,56517	3,80E-05	-2,56952	3,80E-05	0,221235
4,00E-05	-2,55503	4,00E-05	-2,55873	4,00E-05	0,18002
4,20E-05	-2,54231	4,20E-05	-2,55181	4,20E-05	0,142829
4,40E-05	-2,53796	4,40E-05	-2,54617	4,40E-05	0,105316
4,60E-05	-2,53072	4,60E-05	-2,53973	4,60E-05	0,0698965
4,80E-05	-2,52202	4,80E-05	-2,53168	4,80E-05	0,0336717
5,00E-05	-2,5188	5,00E-05	-2,52621	5,00E-05	-0,000943004
5,20E-05	-2,51768	5,20E-05	-2,52219	5,20E-05	-0,0339477
5,40E-05	-2,51043	5,40E-05	-2,5151	5,40E-05	-0,0692065
5,60E-05	-2,49997	5,60E-05	-2,50512	5,60E-05	-0,100762
5,80E-05	-2,49546	5,80E-05	-2,49965	5,80E-05	-0,132801
6,00E-05	-2,48918	6,00E-05	-2,49272	6,00E-05	-0,164679
6,20E-05	-2,48226	6,20E-05	-2,49192	6,20E-05	-0,194141
6,40E-05	-2,47759	6,40E-05	-2,48451	6,40E-05	-0,224248
6,60E-05	-2,47228	6,60E-05	-2,48065	6,60E-05	-0,254516
6,80E-05	-2,46696	6,80E-05	-2,47389	6,80E-05	-0,282047
7,00E-05	-2,46165	7,00E-05	-2,46664	7,00E-05	-0,308772
7,20E-05	-2,45666	7,20E-05	-2,46245	7,20E-05	-0,337108
7,40E-05	-2,45151	7,40E-05	-2,45714	7,40E-05	-0,363995
7,60E-05	-2,4507	7,60E-05	-2,45489	7,60E-05	-0,388628
7,80E-05	-2,44233	7,80E-05	-2,44974	7,80E-05	-0,414387
8,00E-05	-2,4404	8,00E-05	-2,44555	8,00E-05	-0,440469
8,20E-05	-2,43879	8,20E-05	-2,44104	8,20E-05	-0,463975
8,40E-05	-2,4346	8,40E-05	-2,43605	8,40E-05	-0,486837
8,60E-05	-2,42526	8,60E-05	-2,43106	8,60E-05	-0,510343
8,80E-05	-2,42478	8,80E-05	-2,42542	8,80E-05	-0,534331
9,00E-05	-2,41754	9,00E-05	-2,41963	9,00E-05	-0,5551
9,20E-05	-2,41737	9,20E-05	-2,42011	9,20E-05	-0,577318
9,40E-05	-2,40932	9,40E-05	-2,41464	9,40E-05	-0,599375
9,60E-05	-2,40675	9,60E-05	-2,40965	9,60E-05	-0,619661
9,80E-05	-2,40385	9,80E-05	-2,4061	9,80E-05	-0,641395
1,00E-04	-2,39677	1,00E-04	-2,40369	1,00E-04	-0,659749
0,000102	-2,39371	0,000102	-2,39966	0,000102	-0,680035
0,000104	-2,39258	0,000104	-2,3929	0,000104	-0,699033
0,000106	-2,38405	0,000106	-2,38888	0,000106	-0,716421
0,000108	-2,39033	0,000108	-2,38711	0,000108	-0,735096
0,00011	-2,37777	0,00011	-2,38244	0,00011	-0,753289
0,000112	-2,37632	0,000112	-2,38115	0,000112	-0,770194
0,000114	-2,3731	0,000114	-2,37857	0,000114	-0,788709
0,000116	-2,36795	0,000116	-2,37471	0,000116	-0,80497
0,000118	-2,37052	0,000118	-2,37149	0,000118	-0,822036
0,00012	-2,36424	0,00012	-2,36585	0,00012	-0,838457
0,000122	-2,3607	0,000122	-2,3636	0,000122	-0,85343
0,000124	-2,36022	0,000124	-2,36247	0,000124	-0,869369
0,000126	-2,36022	0,000126	-2,36199	0,000126	-0,884986
0,000128	-2,35153	0,000128	-2,35764	0,000128	-0,899315
0,00013	-2,35024	0,00013	-2,35169	0,00013	-0,913805
0,000132	-2,34814	0,000132	-2,34992	0,000132	-0,927329
0,000134	-2,3467	0,000134	-2,34621	0,000134	-0,941979
0,000136	-2,34331	0,000136	-2,34509	0,000136	-0,955825
0,000138	-2,3409	0,000138	-2,34396	0,000138	-0,968866
0,00014	-2,33832	0,00014	-2,34235	0,00014	-0,98239
0,000142	-2,33543	0,000142	-2,34026	0,000142	-0,994787
0,000144	-2,33188	0,000144	-2,33591	0,000144	-1,00815
0,000146	-2,33043	0,000146	-2,33285	0,000146	-1,0199
0,000148	-2,32979	0,000148	-2,32931	0,000148	-1,03085
0,00015	-2,32754	0,00015	-2,32738	0,00015	-1,04228
0,000152	-2,3256	0,000152	-2,32528	0,000152	-1,0542
0,000154	-2,32271	0,000154	-2,32335	0,000154	-1,06675
0,000156	-2,31981	0,000156	-2,32399	0,000156	-1,07722
0,000158	-2,31836	0,000158	-2,32255	0,000158	-1,08736
0,00016	-2,31788	0,00016	-2,32206	0,00016	-1,09911
0,000162	-2,31675	0,000162	-2,31804	0,000162	-1,10861
0,000164	-2,31047	0,000164	-2,31546	0,000164	-1,11859
0,000166	-2,31192	0,000166	-2,31224	0,000166	-1,12842
0,000168	-2,3095	0,000168	-2,30886	0,000168	-1,13872
0,00017	-2,30741	0,00017	-2,30934	0,00017	-1,14935
0,000172	-2,305	0,000172	-2,3058	0,000172	-1,15756
0,000174	-2,30516	0,000174	-2,30451	0,000174	-1,16754
0,000176	-2,29968	0,000176	-2,30516	0,000176	-1,17591
0,000178	-2,30371	0,000178	-2,3058	0,000178	-1,18525
0,00018	-2,29646	0,00018	-2,30097	0,00018	-1,19346
0,000182	-2,29453	0,000182	-2,29888	0,000182	-1,20231
0,000184	-2,29775	0,000184	-2,29501	0,000184	-1,20988
0,000186	-2,29485	0,000186	-2,29485	0,000186	-1,21841
0,000188	-2,29405	0,000188	-2,29373	0,000188	-1,22646
0,00019	-2,28761	0,00019	-2,29292	0,00019	-1,23339
0,000192	-2,29002	0,000192	-2,29099	0,000192	-1,24176
0,000194	-2,28777	0,000194	-2,2934	0,000194	-1,24949
0,000196	-2,29035	0,000196	-2,29067	0,000196	-1,25673
0,000198	-2,2868	0,000198	-2,2831	0,000198	-1,26382
0,0002	-2,28262	0,0002	-2,28391	0,0002	-1,27138
0,000202	-2,28262	0,000202	-2,28487	0,000202	-1,27798
0,000204	-2,27988	0,000204	-2,28213	0,000204	-1,28491
0,000206	-2,27811	0,000206	-2,28149	0,000206	-1,29151
0,000208	-2,27763	0,000208	-2,28085	0,000208	-1,29843
0,00021	-2,27779	0,00021	-2,27859	0,00021	-1,30455
0,000212	-2,27795	0,000212	-2,27908	0,000212	-1,31067
0,000214	-2,27328	0,000214	-2,27843	0,000214	-1,31662
0,000216	-2,27698	0,000216	-2,27569	0,000216	-1,32242
0,000218	-2,27135	0,000218	-2,27408	0,000218	-1,32789
0,00022	-2,26684	0,00022	-2,27408	0,00022	-1,33433
0,000222	-2,2699	0,000222	-2,27344	0,000222	-1,34077
0,000224	-2,27022	0,000224	-2,27247	0,000224	-1,34528
0,000226	-2,26877	0,000226	-2,27086	0,000226	-1,35092
0,000228	-2,26587	0,000228	-2,27119	0,000228	-1,35623
0,00023	-2,26459	0,00023	-2,26813	0,00023	-1,3617
0,000232	-2,2633	0,000232	-2,267	0,000232	-1,36702
0,000234	-2,26153	0,000234	-2,26668	0,000234	-1,37217
0,000236	-2,26603	0,000236	-2,26764	0,000236	-1,37732
0,000238	-2,26346	0,000238	-2,26539	0,000238	-1,38167
0,00024	-2,2633	0,00024	-2,26346	0,00024	-1,38634
0,000242	-2,26426	0,000242	-2,26281	0,000242	-1,39133
0,000244	-2,25879	0,000244	-2,26603	0,000244	-1,396
0,000246	-2,26008	0,000246	-2,26008	0,000246	-1,3997
0,000248	-2,2612	0,000248	-2,2567	0,000248	-1,36476
0,00025	2,7277	0,00025	0,94525	0,00025	-1,23451
0,000252	2,71563	0,000252	2,00335	0,000252	-1,12777
0,000254	2,705	0,000254	2,42341	0,000254	-1,04872
0,000256	2,68842	0,000256	2,58296	0,000256	-0,983839
0,000258	2,68198	0,000258	2,64012	0,000258	-0,922982
0,00026	2,67505	0,00026	2,66024	0,00026	-0,865183
0,000262	2,66362	0,000262	2,65863	0,000262	-0,80819
0,000264	2,65815	0,000264	2,65606	0,000264	-0,75506
0,000266	2,64736	0,000266	2,64801	0,000266	-0,699033
0,000268	2,64076	0,000268	2,64237	0,000268	-0,649928
0,00027	2,62981	0,00027	2,63496	0,00027	-0,599697
0,000272	2,62112	0,000272	2,62756	0,000272	-0,550753
0,000274	2,61355	0,000274	2,61806	0,000274	-0,504386
0,000276	2,60341	0,000276	2,60792	0,000276	-0,455764
0,000278	2,59697	0,000278	2,60003	0,000278	-0,40988
0,00028	2,5886	0,00028	2,59391	0,00028	-0,366893
0,000282	2,58393	0,000282	2,5836	0,000282	-0,324228
0,000284	2,57555	0,000284	2,57636	0,000284	-0,28253
0,000286	2,56461	0,000286	2,56944	0,000286	-0,241958
0,000288	2,55945	0,000288	2,56235	0,000288	-0,202674
0,00029	2,54931	0,00029	2,55511	0,00029	-0,16323
0,000292	2,5469	0,000292	2,54995	0,000292	-0,124429
0,000294	2,53981	0,000294	2,5419	0,000294	-0,0880433
0,000296	2,5345	0,000296	2,53707	0,000296	-0,0523016
0,000298	2,52661	0,000298	2,52967	0,000298	-0,0165599
0,0003	2,51969	0,0003	2,52146	0,0003	0,0177329
0,000302	2,51421	0,000302	2,51469	0,000302	0,0497716
0,000304	2,51067	0,000304	2,51035	0,000304	0,0855133
0,000306	2,5023	0,000306	2,50503	0,000306	0,117069
0,000308	2,49586	0,000308	2,50133	0,000308	0,149913
0,00031	2,48958	0,00031	2,49264	0,00031	0,178088
0,000312	2,48539	0,000312	2,48797	0,000312	0,210287
0,000314	2,48137	0,000314	2,48346	0,000314	0,239106
0,000316	2,47332	0,000316	2,47348	0,000316	0,267764
0,000318	2,47541	0,000318	2,46865	0,000318	0,295456
0,00032	2,46527	0,00032	2,46752	0,00032	0,322504
0,000322	2,45625	0,000322	2,46237	0,000322	0,349874
0,000324	2,45577	0,000324	2,45738	0,000324	0,377726
0,000326	2,44739	0,000326	2,44965	0,000326	0,40413
0,000328	2,43983	0,000328	2,44691	0,000328	0,428441
0,00033	2,4424	0,00033	2,44337	0,00033	0,453879
0,000332	2,43387	0,000332	2,43725	0,000332	0,477385
0,000334	2,42743	0,000334	2,43355	0,000334	0,499764
0,000336	2,42598	0,000336	2,4292	0,000336	0,523592
0,000338	2,42292	0,000338	2,42469	0,000338	0,54581
0,00034	2,42019	0,00034	2,41825	0,00034	0,567223
0,000342	2,41487	0,000342	2,41664	0,000342	0,588474
0,000344	2,41246	0,000344	2,41423	0,000344	0,61037
0,000346	2,40521	0,000346	2,40795	0,000346	0,631461
0,000348	2,4036	0,000348	2,40425	0,000348	0,652552
0,00035	2,40103	0,00035	2,40054	0,00035	0,671067
0,000352	2,39958	0,000352	2,39974	0,000352	0,691031
0,000354	2,39298	0,000354	2,39507	0,000354	0,709546
0,000356	2,3904	0,000356	2,39072	0,000356	0,729188
0,000358	2,38412	0,000358	2,38605	0,000358	0,744966
0,00036	2,38509	0,00036	2,38348	0,00036	0,763964
0,000362	2,37865	0,000362	2,38026	0,000362	0,78103
0,000364	2,37494	0,000364	2,37527	0,000364	0,798096
0,000366	2,37092	0,000366	2,37253	0,000366	0,814357
0,000368	2,37237	0,000368	2,37156	0,000368	0,831101
0,00037	2,36947	0,00037	2,36947	0,00037	0,84704
0,000372	2,36448	0,000372	2,36818	0,000372	0,86314
0,000374	2,36383	0,000374	2,35981	0,000374	0,878596
0,000376	2,36094	0,000376	2,35884	0,000376	0,893247
0,000378	2,35466	0,000378	2,35401	0,000378	0,90822
0,00038	2,35546	0,00038	2,3516	0,00038	0,923354
0,000382	2,35079	0,000382	2,34967	0,000382	0,935268
0,000384	2,3495	0,000384	2,34902	0,000384	0,950241
0,000386	2,34628	0,000386	2,34645	0,000386	0,963604
0,000388	2,34419	0,000388	2,34274	0,000388	0,977289
0,00039	2,33952	0,00039	2,33952	0,00039	0,989203
0,000392	2,33791	0,000392	2,33856	0,000392	1,00224
0,000394	2,3355	0,000394	2,33598	0,000394	1,01512
0,000396	2,33228	0,000396	2,33324	0,000396	1,02672
0,000398	2,33228	0,000398	2,33131	0,000398	1,03927
0,0004	2,3289	0,0004	2,3289	0,0004	1,05054
0,000402	2,32761	0,000402	2,32745	0,000402	1,06165
0,000404	2,32471	0,000404	2,3239	0,000404	1,07244
0,000406	2,32278	0,000406	2,32101	0,000406	1,08451
0,000408	2,32181	0,000408	2,32165	0,000408	1,0945
0,00041	2,32133	0,00041	2,32068	0,00041	1,10593
0,000412	2,31537	0,000412	2,31956	0,000412	1,11575
0,000414	2,31441	0,000414	2,31457	0,000414	1,12541
0,000416	2,31408	0,000416	2,31328	0,000416	1,1362
0,000418	2,31505	0,000418	2,31086	0,000418	1,14569
0,00042	2,30909	0,00042	2,31199	0,00042	1,15439
0,000422	2,31038	0,000422	2,30813	0,000422	1,16389
0,000424	2,30652	0,000424	2,30619	0,000424	1,17242
0,000426	2,30233	0,000426	2,30555	0,000426	1,18176
0,000428	2,30458	0,000428	2,30362	0,000428	1,19094
0,00043	2,3033	0,00043	2,30088	0,00043	1,20043
0,000432	2,29895	0,000432	2,30136	0,000432	1,20832
0,000434	2,29798	0,000434	2,30169	0,000434	1,21621
0,000436	2,29927	0,000436	2,29718	0,000436	1,22378
0,000438	2,29621	0,000438	2,29492	0,000438	1,23215
0,00044	2,2967	0,00044	2,29492	0,00044	1,2402
0,000442	2,29283	0,000442	2,29251	0,000442	1,24696
0,000444	2,28655	0,000444	2,28913	0,000444	1,25534
0,000446	2,29009	0,000446	2,28929	0,000446	1,26178
0,000448	2,28559	0,000448	2,28993	0,000448	1,27015
0,00045	2,28559	0,00045	2,28655	0,00045	1,27611
0,000452	2,28478	0,000452	2,28607	0,000452	1,28335
0,000454	2,28591	0,000454	2,28559	0,000454	1,29027
0,000456	2,28188	0,000456	2,28253	0,000456	1,2972
0,000458	2,28204	0,000458	2,28204	0,000458	1,30299
0,00046	2,28043	0,00046	2,27963	0,00046	1,30992
0,000462	2,27721	0,000462	2,2777	0,000462	1,31555
0,000464	2,27802	0,000464	2,27866	0,000464	1,32215
0,000466	2,27721	0,000466	2,27641	0,000466	1,32746
0,000468	2,2777	0,000468	2,27947	0,000468	1,33455
0,00047	2,27496	0,00047	2,27721	0,00047	1,34018
0,000472	2,2756	0,000472	2,2748	0,000472	1,34517
0,000474	2,27496	0,000474	2,27448	0,000474	1,35065
0,000476	2,26916	0,000476	2,26997	0,000476	1,3558
0,000478	2,26949	0,000478	2,2682	0,000478	1,36079
0,00048	2,27077	0,00048	2,27093	0,00048	1,36659
0,000482	2,26836	0,000482	2,27077	0,000482	1,3719
0,000484	2,2682	0,000484	2,26884	0,000484	1,37657
0,000486	2,26916	0,000486	2,26643	0,000486	1,38188
0,000488	2,26659	0,000488	2,26498	0,000488	1,38607
0,00049	2,26739	0,00049	2,26852	0,00049	1,39122
0,000492	2,26433	0,000492	2,26433	0,000492	1,39621
0,000494	2,26578	0,000494	2,2624	0,000494	1,40056
0,000496	2,26321	0,000496	2,26305	0,000496	1,40539
0,000498	2,2595	0,000498	2,25934	0,000498	1,40877
0,0005	-2,21709	0,0005	-0,918796	0,0005	1,25308
0,000502	-2,72038	0,000502	-1,99878	0,000502	1,14763
0,000504	-2,69945	0,000504	-2,41528	0,000504	1,06938
0,000506	-2,6885	0,000506	-2,57693	0,000506	0,998702
0,000508	-2,68045	0,000508	-2,63762	0,000508	0,938649
0,00051	-2,66789	0,00051	-2,65791	0,00051	0,881172
0,000512	-2,6592	0,000512	-2,66097	0,000512	0,824017
0,000514	-2,65469	0,000514	-2,65356	0,000514	0,768472
0,000516	-2,64519	0,000516	-2,65034	0,000516	0,717435
0,000518	-2,63682	0,000518	-2,64583	0,000518	0,664788
0,00052	-2,63118	0,00052	-2,63617	0,00052	0,613751
0,000522	-2,62329	0,000522	-2,62828	0,000522	0,565935
0,000524	-2,6146	0,000524	-2,61911	0,000524	0,517313
0,000526	-2,60542	0,000526	-2,61331	0,000526	0,470301
0,000528	-2,59705	0,000528	-2,6043	0,000528	0,423933
0,00053	-2,59061	0,00053	-2,59818	0,00053	0,380302
0,000532	-2,58288	0,000532	-2,59125	0,000532	0,336833
0,000534	-2,57596	0,000534	-2,58192	0,000534	0,294168
0,000536	-2,56469	0,000536	-2,57274	0,000536	0,254562
0,000538	-2,55841	0,000538	-2,56582	0,000538	0,211897
0,00054	-2,55439	0,00054	-2,55744	0,00054	0,175995
0,000542	-2,54666	0,000542	-2,55197	0,000542	0,137355
0,000544	-2,53861	0,000544	-2,54183	0,000544	0,100647
0,000546	-2,53426	0,000546	-2,53716	0,000546	0,0620075
0,000548	-2,52331	0,000548	-2,52975	0,000548	0,0273928
0,00055	-2,51961	0,00055	-2,52557	0,00055	-0,00931494
0,000552	-2,51639	0,000552	-2,518	0,000552	-0,0407097
0,000554	-2,50802	0,000554	-2,51575	0,000554	-0,0748414
0,000556	-2,50174	0,000556	-2,50721	0,000556	-0,106719
0,000558	-2,49385	0,000558	-2,50158	0,000558	-0,13908
0,00056	-2,49031	0,00056	-2,49482	0,00056	-0,170314
0,000562	-2,48403	0,000562	-2,48966	0,000562	-0,200259
0,000564	-2,47984	0,000564	-2,48499	0,000564	-0,230366
0,000566	-2,47308	0,000566	-2,47888	0,000566	-0,258541
0,000568	-2,46728	0,000568	-2,47694	0,000568	-0,287038
0,00057	-2,46551	0,00057	-2,46745	0,00057	-0,313924
0,000572	-2,45569	0,000572	-2,45972	0,000572	-0,342582
0,000574	-2,45086	0,000574	-2,45634	0,000574	-0,366893
0,000576	-2,44619	0,000576	-2,45086	0,000576	-0,393297
0,000578	-2,44635	0,000578	-2,4478	0,000578	-0,420183
0,00058	-2,43879	0,00058	-2,44281	0,00058	-0,443045
0,000582	-2,43235	0,000582	-2,44088	0,000582	-0,469771
0,000584	-2,43235	0,000584	-2,43492	0,000584	-0,493438
0,000586	-2,42623	0,000586	-2,4309	0,000586	-0,515173
0,000588	-2,42092	0,000588	-2,42639	0,000588	-0,538678
0,00059	-2,41705	0,00059	-2,41898	0,00059	-0,560735
0,000592	-2,41367	0,000592	-2,41576	0,000592	-0,582631
0,000594	-2,41142	0,000594	-2,41238	0,000594	-0,6034
0,000596	-2,40369	0,000596	-2,40771	0,000596	-0,623686
0,000598	-2,39999	0,000598	-2,40466	0,000598	-0,644293
0,0006	-2,39661	0,0006	-2,39902	0,0006	-0,663613
0,000602	-2,39194	0,000602	-2,39693	0,000602	-0,684543
0,000604	-2,39129	0,000604	-2,39451	0,000604	-0,702736
0,000606	-2,38791	0,000606	-2,39145	0,000606	-0,720446
0,000608	-2,38115	0,000608	-2,38678	0,000608	-0,738638
0,00061	-2,37857	0,00061	-2,38276	0,00061	-0,757314
0,000612	-2,37568	0,000612	-2,38131	0,000612	-0,775829
0,000614	-2,37423	0,000614	-2,37616	0,000614	-0,791929
0,000616	-2,37181	0,000616	-2,37407	0,000616	-0,808834
0,000618	-2,36763	0,000618	-2,37294	0,000618	-0,824773
0,00062	-2,36215	0,00062	-2,36891	0,00062	-0,84055
0,000622	-2,35925	0,000622	-2,36666	0,000622	-0,856489
0,000624	-2,3578	0,000624	-2,36135	0,000624	-0,871623
0,000626	-2,35507	0,000626	-2,35797	0,000626	-0,887884
0,000628	-2,35523	0,000628	-2,35571	0,000628	-0,902696
0,00063	-2,35072	0,00063	-2,3541	0,00063	-0,916381
0,000632	-2,34718	0,000632	-2,3533	0,000632	-0,930227
0,000634	-2,34573	0,000634	-2,34911	0,000634	-0,944072
0,000636	-2,3417	0,000636	-2,34621	0,000636	-0,95824
0,000638	-2,33993	0,000638	-2,34251	0,000638	-0,970798
0,00064	-2,33816	0,00064	-2,33414	0,00064	-0,985127
0,000642	-2,33204	0,000642	-2,33607	0,000642	-0,997685
0,000644	-2,33462	0,000644	-2,33607	0,000644	-1,00863
0,000646	-2,33011	0,000646	-2,33349	0,000646	-1,02103
0,000648	-2,32899	0,000648	-2,33076	0,000648	-1,0331
0,00065	-2,32673	0,00065	-2,32947	0,00065	-1,04582
0,000652	-2,32416	0,000652	-2,32866	0,000652	-1,05613
0,000654	-2,32399	0,000654	-2,32448	0,000654	-1,06788
0,000656	-2,3219	0,000656	-2,3219	0,000656	-1,07963
0,000658	-2,31788	0,000658	-2,32158	0,000658	-1,08978
0,00066	-2,31272	0,00066	-2,31804	0,00066	-1,09992
0,000662	-2,31192	0,000662	-2,31804	0,000662	-1,11071
0,000664	-2,31208	0,000664	-2,31401	0,000664	-1,12037
0,000666	-2,30693	0,000666	-2,31498	0,000666	-1,13051
0,000668	-2,30967	0,000668	-2,31015	0,000668	-1,14033
0,00067	-2,30693	0,00067	-2,31144	0,00067	-1,15063
0,000672	-2,30661	0,000672	-2,30693	0,000672	-1,15981
0,000674	-2,30419	0,000674	-2,30435	0,000674	-1,16915
0,000676	-2,30339	0,000676	-2,30612	0,000676	-1,17849
0,000678	-2,29904	0,000678	-2,30081	0,000678	-1,18654
0,00068	-2,29856	0,00068	-2,29968	0,00068	-1,19523
0,000682	-2,29727	0,000682	-2,30049	0,000682	-1,20376
0,000684	-2,2955	0,000684	-2,29856	0,000684	-1,21197
0,000686	-2,29099	0,000686	-2,29711	0,000686	-1,22051
0,000688	-2,29131	0,000688	-2,29357	0,000688	-1,22791
0,00069	-2,29373	0,00069	-2,29244	0,00069	-1,23564
0,000692	-2,28857	0,000692	-2,29099	0,000692	-1,24272
0,000694	-2,28809	0,000694	-2,29067	0,000694	-1,2511
0,000696	-2,28262	0,000696	-2,28986	0,000696	-1,25818
0,000698	-2,28262	0,000698	-2,28664	0,000698	-1,2651
0,0007	-2,28374	0,0007	-2,2868	0,0007	-1,27251
0,000702	-2,28181	0,000702	-2,28487	0,000702	-1,27911
0,000704	-2,27988	0,000704	-2,27988	0,000704	-1,28587
0,000706	-2,27972	0,000706	-2,27972	0,000706	-1,29296
0,000708	-2,27618	0,000708	-2,28085	0,000708	-1,29859
0,00071	-2,27795	0,00071	-2,27891	0,00071	-1,30551
0,000712	-2,27714	0,000712	-2,27827	0,000712	-1,31212
0,000714	-2,27473	0,000714	-2,27891	0,000714	-1,31775
0,000716	-2,27473	0,000716	-2,27666	0,000716	-1,32387
0,000718	-2,27312	0,000718	-2,27296	0,000718	-1,32966
0,00072	-2,2728	0,00072	-2,27312	0,00072	-1,33578
0,000722	-2,26877	0,000722	-2,27103	0,000722	-1,34126
0,000724	-2,27038	0,000724	-2,27215	0,000724	-1,3477
0,000726	-2,27119	0,000726	-2,27312	0,000726	-1,35349
0,000728	-2,2699	0,000728	-2,26781	0,000728	-1,35784
0,00073	-2,26861	0,00073	-2,26797	0,00073	-1,36315
0,000732	-2,26378	0,000732	-2,26652	0,000732	-1,36814
0,000734	-2,26523	0,000734	-2,26684	0,000734	-1,37281
0,000736	-2,26394	0,000736	-2,26507	0,000736	-1,37845
0,000738	-2,26153	0,000738	-2,26732	0,000738	-1,38312
0,00074	-2,26185	0,00074	-2,267	0,00074	-1,38762
0,000742	-2,25782	0,000742	-2,26233	0,000742	-1,39294
0,000744	-2,25976	0,000744	-2,26233	0,000744	-1,39712
0,000746	-2,25911	0,000746	-2,26298	0,000746	-1,40211
0,000748	-2,25766	0,000748	-2,25992	0,000748	-1,4005
0,00075	2,73044	0,00075	0,94525	0,00075	-1,23435
0,000752	2,70854	0,000752	2,00705	0,000752	-1,12906
0,000754	2,69969	0,000754	2,42711	0,000754	-1,0513
0,000756	2,6918	0,000756	2,58103	0,000756	-0,983195
0,000758	2,67876	0,000758	2,6369	0,000758	-0,921694
0,00076	2,67361	0,00076	2,65815	0,00076	-0,865666
0,000762	2,66395	0,000762	2,65863	0,000762	-0,807546
0,000764	2,6567	0,000764	2,65622	0,000764	-0,752967
0,000766	2,6472	0,000766	2,64994	0,000766	-0,702736
0,000768	2,64012	0,000768	2,64253	0,000768	-0,650894
0,00077	2,63013	0,00077	2,63545	0,00077	-0,599053
0,000772	2,62337	0,000772	2,62788	0,000772	-0,550914
0,000774	2,61194	0,000774	2,61741	0,000774	-0,503903
0,000776	2,60663	0,000776	2,61065	0,000776	-0,45834
0,000778	2,59842	0,000778	2,60196	0,000778	-0,41165
0,00078	2,59037	0,00078	2,59632	0,00078	-0,364961
0,000782	2,58151	0,000782	2,5865	0,000782	-0,322457
0,000784	2,57604	0,000784	2,58167	0,000784	-0,28414
0,000786	2,56686	0,000786	2,57233	0,000786	-0,242441
0,000788	2,55623	0,000788	2,56042	0,000788	-0,201547
0,00079	2,55446	0,00079	2,5535	0,00079	-0,162264
0,000792	2,54867	0,000792	2,54979	0,000792	-0,127166
0,000794	2,5382	0,000794	2,54287	0,000794	-0,0867553
0,000796	2,53337	0,000796	2,53659	0,000796	-0,0516576
0,000798	2,52757	0,000798	2,53015	0,000798	-0,0165599
0,0008	2,51952	0,0008	2,52484	0,0008	0,0159619
0,000802	2,51566	0,000802	2,51727	0,000802	0,0525086
0,000804	2,50632	0,000804	2,51212	0,000804	0,0840644
0,000806	2,50197	0,000806	2,50471	0,000806	0,117552
0,000808	2,49763	0,000808	2,50036	0,000808	0,148625
0,00081	2,49135	0,00081	2,49553	0,00081	0,179215
0,000812	2,4862	0,000812	2,48926	0,000812	0,210931
0,000814	2,48088	0,000814	2,48346	0,000814	0,240072
0,000816	2,47638	0,000816	2,47799	0,000816	0,268247
0,000818	2,46897	0,000818	2,4701	0,000818	0,295134
0,00082	2,46382	0,00082	2,46559	0,00082	0,325402
0,000822	2,45689	0,000822	2,4606	0,000822	0,351323
0,000824	2,45544	0,000824	2,45802	0,000824	0,376921
0,000826	2,44933	0,000826	2,45174	0,000826	0,403808
0,000828	2,44369	0,000828	2,44739	0,000828	0,428441
0,00083	2,43999	0,00083	2,44192	0,00083	0,453557
0,000832	2,43435	0,000832	2,43806	0,000832	0,475614
0,000834	2,43097	0,000834	2,4358	0,000834	0,502179
0,000836	2,42711	0,000836	2,43017	0,000836	0,524558
0,000838	2,42389	0,000838	2,42663	0,000838	0,546937
0,00084	2,42099	0,00084	2,42228	0,00084	0,568833
0,000842	2,41535	0,000842	2,4168	0,000842	0,589118
0,000844	2,41213	0,000844	2,41294	0,000844	0,610531
0,000846	2,4073	0,000846	2,40714	0,000846	0,632105
0,000848	2,4036	0,000848	2,40457	0,000848	0,650459
0,00085	2,40022	0,00085	2,40054	0,00085	0,672033
0,000852	2,39603	0,000852	2,39764	0,000852	0,690226
0,000854	2,39185	0,000854	2,39281	0,000854	0,709868
0,000856	2,39185	0,000856	2,39072	0,000856	0,728061
0,000858	2,3867	0,000858	2,38798	0,000858	0,745932
0,00086	2,38299	0,00086	2,3846	0,00086	0,764125
0,000862	2,37784	0,000862	2,38042	0,000862	0,782479
0,000864	2,37639	0,000864	2,37704	0,000864	0,798096
0,000866	2,37478	0,000866	2,37462	0,000866	0,814518
0,000868	2,36705	0,000868	2,37011	0,000868	0,831745
0,00087	2,36625	0,00087	2,36834	0,00087	0,84865
0,000872	2,36866	0,000872	2,36544	0,000872	0,862174
0,000874	2,36206	0,000874	2,36174	0,000874	0,878596
0,000876	2,36142	0,000876	2,35868	0,000876	0,894213
0,000878	2,3545	0,000878	2,35433	0,000878	0,908542
0,00088	2,3545	0,00088	2,35337	0,00088	0,922388
0,000882	2,35031	0,000882	2,35192	0,000882	0,936556
0,000884	2,34564	0,000884	2,34886	0,000884	0,950563
0,000886	2,34757	0,000886	2,34355	0,000886	0,964892
0,000888	2,34323	0,000888	2,34451	0,000888	0,977933
0,00089	2,34178	0,00089	2,34129	0,00089	0,989525
0,000892	2,34178	0,000892	2,33662	0,000892	1,0024
0,000894	2,33952	0,000894	2,33646	0,000894	1,01496
0,000896	2,33501	0,000896	2,3363	0,000896	1,02736
0,000898	2,33179	0,000898	2,3326	0,000898	1,03927
0,0009	2,32906	0,0009	2,32857	0,0009	1,05103
0,000902	2,3289	0,000902	2,32986	0,000902	1,06214
0,000904	2,32535	0,000904	2,32584	0,000904	1,07324
0,000906	2,32181	0,000906	2,31988	0,000906	1,08419
0,000908	2,32133	0,000908	2,31956	0,000908	1,09611
0,00091	2,31698	0,00091	2,31682	0,00091	1,10593
0,000912	2,31924	0,000912	2,31585	0,000912	1,11543
0,000914	2,31553	0,000914	2,31505	0,000914	1,12557
0,000916	2,31102	0,000916	2,31167	0,000916	1,13603
0,000918	2,31296	0,000918	2,3128	0,000918	1,14569
0,00092	2,31215	0,00092	2,31247	0,00092	1,15487
0,000922	2,30797	0,000922	2,30974	0,000922	1,16421
0,000924	2,30507	0,000924	2,30587	0,000924	1,17371
0,000926	2,30507	0,000926	2,30458	0,000926	1,1824
0,000928	2,30297	0,000928	2,30458	0,000928	1,19094
0,00093	2,30362	0,00093	2,30233	0,00093	1,20027
0,000932	2,30314	0,000932	2,29895	0,000932	1,20848
0,000934	2,29847	0,000934	2,29895	0,000934	1,21734
0,000936	2,29911	0,000936	2,2975	0,000936	1,22458
0,000938	2,29412	0,000938	2,2946	0,000938	1,23199
0,00094	2,2917	0,00094	2,29364	0,00094	1,24052
0,000942	2,29734	0,000942	2,29009	0,000942	1,24793
0,000944	2,29058	0,000944	2,28865	0,000944	1,25485
0,000946	2,28881	0,000946	2,28961	0,000946	1,26258
0,000948	2,28607	0,000948	2,28977	0,000948	1,26967
0,00095	2,28816	0,00095	2,2851	0,00095	1,27691
0,000952	2,28704	0,000952	2,288	0,000952	1,28303
0,000954	2,28736	0,000954	2,28526	0,000954	1,29027
0,000956	2,28317	0,000956	2,28301	0,000956	1,29687
0,000958	2,28124	0,000958	2,28108	0,000958	1,30396
0,00096	2,28156	0,00096	2,2814	0,00096	1,30943
0,000962	2,28559	0,000962	2,27947	0,000962	1,31668
0,000964	2,28092	0,000964	2,28108	0,000964	1,32231
0,000966	2,27689	0,000966	2,27303	0,000966	1,32795
0,000968	2,27705	0,000968	2,27464	0,000968	1,33326
0,00097	2,27609	0,00097	2,27512	0,00097	1,33954
0,000972	2,27657	0,000972	2,27512	0,000972	1,3455
0,000974	2,27303	0,000974	2,27303	0,000974	1,35129
0,000976	2,26949	0,000976	2,27174	0,000976	1,35644
0,000978	2,27641	0,000978	2,27335	0,000978	1,36192
0,00098	2,27158	0,00098	2,26916	0,00098	1,36707
0,000982	2,27045	0,000982	2,26949	0,000982	1,37238
0,000984	2,27126	0,000984	2,27045	0,000984	1,37737
0,000986	2,2682	0,000986	2,2661	0,000986	1,38172
0,000988	2,26691	0,000988	2,2624	0,000988	1,38639
0,00099	2,26562	0,00099	2,26288	0,00099	1,3917
0,000992	2,26804	0,000992	2,26385	0,000992	1,39573
0,000994	2,26369	0,000994	2,26208	0,000994	1,40072
0,000996	2,26627	0,000996	2,26337	0,000996	1,40507
0,000998	2,26288	0,000998	2,25822	0,000998	1,40909
0,001	-2,1155	0,001	-0,914771	0,001	1,2526
0,001002	-2,71796	0,001002	-1,99894	0,001002	1,14602
0,001004	-2,70025	0,001004	-2,41818	0,001004	1,066
0,001006	-2,68769	0,001006	-2,5787	0,001006	0,999185
0,001008	-2,67948	0,001008	-2,63682	0,001008	0,936717
0,00101	-2,67159	0,00101	-2,65823	0,00101	0,881172
0,001012	-2,66	0,001012	-2,66177	0,001012	0,824017
0,001014	-2,65759	0,001014	-2,65807	0,001014	0,768633
0,001016	-2,64551	0,001016	-2,65147	0,001016	0,718884
0,001018	-2,6365	0,001018	-2,64294	0,001018	0,663178
0,00102	-2,62812	0,00102	-2,63762	0,00102	0,615522
0,001022	-2,62442	0,001022	-2,62796	0,001022	0,56352
0,001024	-2,61669	0,001024	-2,62329	0,001024	0,515381
0,001026	-2,60671	0,001026	-2,61508	0,001026	0,47014
0,001028	-2,59898	0,001028	-2,60687	0,001028	0,423772
0,00103	-2,58852	0,00103	-2,59802	0,00103	0,379336
0,001032	-2,58176	0,001032	-2,5882	0,001032	0,337799
0,001034	-2,57483	0,001034	-2,58063	0,001034	0,295456
0,001036	-2,56775	0,001036	-2,57226	0,001036	0,251181
0,001038	-2,56018	0,001038	-2,56743	0,001038	0,212541
0,00104	-2,55213	0,00104	-2,55857	0,00104	0,174385
0,001042	-2,54376	0,001042	-2,55197	0,001042	0,13655
0,001044	-2,54054	0,001044	-2,5465	0,001044	0,0991982
0,001046	-2,53748	0,001046	-2,53877	0,001046	0,0631345
0,001048	-2,52524	0,001048	-2,53152	0,001048	0,0264268
0,00105	-2,51897	0,00105	-2,52524	0,00105	-0,00850995
0,001052	-2,51333	0,001052	-2,51575	0,001052	-0,0434467
0,001054	-2,50464	0,001054	-2,51059	0,001054	-0,0767734
0,001056	-2,49884	0,001056	-2,50335	0,001056	-0,105753
0,001058	-2,49643	0,001058	-2,50383	0,001058	-0,140207
0,00106	-2,48918	0,00106	-2,49433	0,00106	-0,169348
0,001062	-2,48338	0,001062	-2,4895	0,001062	-0,201708
0,001064	-2,47711	0,001064	-2,48338	0,001064	-0,229078
0,001066	-2,47292	0,001066	-2,4792	0,001066	-0,257575
0,001068	-2,46245	0,001068	-2,47437	0,001068	-0,287521
0,00107	-2,46423	0,00107	-2,46986	0,00107	-0,315373
0,001072	-2,45698	0,001072	-2,46165	0,001072	-0,341938
0,001074	-2,44555	0,001074	-2,46229	0,001074	-0,368664
0,001076	-2,45086	0,001076	-2,45408	0,001076	-0,39539
0,001078	-2,44313	0,001078	-2,44941	0,001078	-0,420022
0,00108	-2,43798	0,00108	-2,44394	0,00108	-0,444011
0,001082	-2,4309	0,001082	-2,43911	0,001082	-0,470737
0,001084	-2,43058	0,001084	-2,43508	0,001084	-0,492472
0,001086	-2,42559	0,001086	-2,4309	0,001086	-0,516783
0,001088	-2,4177	0,001088	-2,42591	0,001088	-0,538195
0,00109	-2,41383	0,00109	-2,41866	0,00109	-0,561057
0,001092	-2,41222	0,001092	-2,41721	0,001092	-0,582792
0,001094	-2,40659	0,001094	-2,41174	0,001094	-0,603883
0,001096	-2,4061	0,001096	-2,40643	0,001096	-0,622881
0,001098	-2,40176	0,001098	-2,40449	0,001098	-0,644937
0,0011	-2,39854	0,0011	-2,40401	0,0011	-0,664579
0,001102	-2,39403	0,001102	-2,39966	0,001102	-0,685509
0,001104	-2,39306	0,001104	-2,395	0,001104	-0,702414
0,001106	-2,38437	0,001106	-2,3929	0,001106	-0,720285
0,001108	-2,38453	0,001108	-2,38823	0,001108	-0,741053
0,00111	-2,38356	0,00111	-2,38051	0,00111	-0,757958
0,001112	-2,37873	0,001112	-2,3797	0,001112	-0,774219
0,001114	-2,37423	0,001114	-2,37809	0,001114	-0,79209
0,001116	-2,37068	0,001116	-2,376	0,001116	-0,810122
0,001118	-2,36763	0,001118	-2,37133	0,001118	-0,824129
0,00112	-2,36457	0,00112	-2,36473	0,00112	-0,84055
0,001122	-2,36167	0,001122	-2,36408	0,001122	-0,857455
0,001124	-2,35909	0,001124	-2,36135	0,001124	-0,873233
0,001126	-2,35636	0,001126	-2,35941	0,001126	-0,888206
0,001128	-2,35394	0,001128	-2,35797	0,001128	-0,902535
0,00113	-2,35249	0,00113	-2,35249	0,00113	-0,917025
0,001132	-2,34895	0,001132	-2,3512	0,001132	-0,930388
0,001134	-2,3438	0,001134	-2,34814	0,001134	-0,94536
0,001136	-2,34396	0,001136	-2,34605	0,001136	-0,957274
0,001138	-2,33945	0,001138	-2,3467	0,001138	-0,972408
0,00114	-2,33784	0,00114	-2,34154	0,00114	-0,984644
0,001142	-2,33559	0,001142	-2,33961	0,001142	-0,997685
0,001144	-2,33221	0,001144	-2,338	0,001144	-1,01008
0,001146	-2,33188	0,001146	-2,3343	0,001146	-1,02216
0,001148	-2,33092	0,001148	-2,33108	0,001148	-1,03471
0,00115	-2,32399	0,00115	-2,33027	0,00115	-1,04679
0,001152	-2,32625	0,001152	-2,32705	0,001152	-1,05645
0,001154	-2,32029	0,001154	-2,32496	0,001154	-1,06933
0,001156	-2,31949	0,001156	-2,32271	0,001156	-1,07996
0,001158	-2,31643	0,001158	-2,319	0,001158	-1,08962
0,00116	-2,31466	0,00116	-2,31755	0,00116	-1,09944
0,001162	-2,31385	0,001162	-2,31739	0,001162	-1,11151
0,001164	-2,31095	0,001164	-2,31353	0,001164	-1,12085
0,001166	-2,31224	0,001166	-2,31144	0,001166	-1,13115
0,001168	-2,30757	0,001168	-2,30902	0,001168	-1,14017
0,00117	-2,30484	0,00117	-2,30822	0,00117	-1,15063
0,001172	-2,3058	0,001172	-2,30822	0,001172	-1,15965
0,001174	-2,30001	0,001174	-2,30564	0,001174	-1,16899
0,001176	-2,30258	0,001176	-2,30194	0,001176	-1,178
0,001178	-2,29823	0,001178	-2,30049	0,001178	-1,18702
0,00118	-2,29823	0,00118	-2,30017	0,00118	-1,1962
0,001182	-2,29679	0,001182	-2,30194	0,001182	-1,20344
0,001184	-2,29389	0,001184	-2,29662	0,001184	-1,21214
0,001186	-2,2926	0,001186	-2,29518	0,001186	-1,22035
0,001188	-2,29228	0,001188	-2,29791	0,001188	-1,22904
0,00119	-2,29212	0,00119	-2,29534	0,00119	-1,23628
0,001192	-2,28986	0,001192	-2,29051	0,001192	-1,24289
0,001194	-2,28568	0,001194	-2,28825	0,001194	-1,25029
0,001196	-2,29212	0,001196	-2,28954	0,001196	-1,2585
0,001198	-2,28278	0,001198	-2,28552	0,001198	-1,26575
0,0012	-2,28213	0,0012	-2,28326	0,0012	-1,27235
0,001202	-2,28085	0,001202	-2,28487	0,001202	-1,27975
0,001204	-2,28149	0,001204	-2,28374	0,001204	-1,28619
0,001206	-2,27714	0,001206	-2,28423	0,001206	-1,29312
0,001208	-2,27988	0,001208	-2,2823	0,001208	-1,29956
0,00121	-2,27908	0,00121	-2,27988	0,00121	-1,3068
0,001212	-2,27763	0,001212	-2,27972	0,001212	-1,31308
0,001214	-2,27698	0,001214	-2,27843	0,001214	-1,31904
0,001216	-2,2728	0,001216	-2,27408	0,001216	-1,32387
0,001218	-2,26925	0,001218	-2,27489	0,001218	-1,33095
0,00122	-2,27231	0,00122	-2,27521	0,00122	-1,33594
0,001222	-2,27135	0,001222	-2,27296	0,001222	-1,3419
0,001224	-2,27086	0,001224	-2,26684	0,001224	-1,34641
0,001226	-2,26781	0,001226	-2,26845	0,001226	-1,35365
0,001228	-2,26668	0,001228	-2,26781	0,001228	-1,35752
0,00123	-2,26781	0,00123	-2,26909	0,00123	-1,36283
0,001232	-2,2604	0,001232	-2,27086	0,001232	-1,36814
0,001234	-2,26298	0,001234	-2,267	0,001234	-1,37346
0,001236	-2,26652	0,001236	-2,26555	0,001236	-1,37861
0,001238	-2,26459	0,001238	-2,26716	0,001238	-1,38344
0,00124	-2,26217	0,00124	-2,26555	0,00124	-1,38778
0,001242	-2,26024	0,001242	-2,26298	0,001242	-1,3931
0,001244	-2,26104	0,001244	-2,26378	0,001244	-1,39761
0,001246	-2,25605	0,001246	-2,26249	0,001246	-1,40195
0,001248	-2,25895	0,001248	-2,25976	0,001248	-1,37539
0,00125	2,72577	0,00125	0,94042	0,00125	-1,23097
0,001252	2,71724	0,001252	2,00673	0,001252	-1,12423
0,001254	2,70468	0,001254	2,42196	0,001254	-1,04808
0,001256	2,69196	0,001256	2,58151	0,001256	-0,981746
0,001258	2,68262	0,001258	2,63979	0,001258	-0,922016
0,00126	2,67538	0,00126	2,65767	0,00126	-0,863734
0,001262	2,66572	0,001262	2,65928	0,001262	-0,805936
0,001264	2,653	0,001264	2,65461	0,001264	-0,752484
0,001266	2,64865	0,001266	2,64897	0,001266	-0,697906
0,001268	2,64028	0,001268	2,64092	0,001268	-0,649284
0,00127	2,63094	0,00127	2,63271	0,00127	-0,596477
0,001272	2,62096	0,001272	2,62708	0,001272	-0,550431
0,001274	2,61725	0,001274	2,61774	0,001274	-0,503903
0,001276	2,60035	0,001276	2,60582	0,001276	-0,454476
0,001278	2,59487	0,001278	2,60019	0,001278	-0,408914
0,00128	2,59004	0,00128	2,59504	0,00128	-0,366732
0,001282	2,58312	0,001282	2,58554	0,001282	-0,321974
0,001284	2,57459	0,001284	2,58022	0,001284	-0,281242
0,001286	2,56573	0,001286	2,57088	0,001286	-0,240509
0,001288	2,56155	0,001288	2,56493	0,001288	-0,20203
0,00129	2,55317	0,00129	2,55961	0,00129	-0,161137
0,001292	2,54834	0,001292	2,5506	0,001292	-0,123302
0,001294	2,54029	0,001294	2,54351	0,001294	-0,0848233
0,001296	2,53401	0,001296	2,53804	0,001296	-0,0502086
0,001298	2,52532	0,001298	2,5287	0,001298	-0,0151109
0,0013	2,52033	0,0013	2,52291	0,0013	0,0195038
0,001302	2,51357	0,001302	2,51743	0,001302	0,0539576
0,001304	2,51003	0,001304	2,5089	0,001304	0,0861573
0,001306	2,5023	0,001306	2,50262	0,001306	0,118679
0,001308	2,49747	0,001308	2,49586	0,001308	0,150396
0,00131	2,49054	0,00131	2,49022	0,00131	0,18163
0,001312	2,4862	0,001312	2,48539	0,001312	0,210931
0,001314	2,48137	0,001314	2,48233	0,001314	0,239428
0,001316	2,47638	0,001316	2,47895	0,001316	0,270018
0,001318	2,46833	0,001318	2,47058	0,001318	0,29771
0,00132	2,46672	0,00132	2,46527	0,00132	0,325241
0,001322	2,45657	0,001322	2,45931	0,001322	0,352933
0,001324	2,45786	0,001324	2,45673	0,001324	0,378853
0,001326	2,44949	0,001326	2,4511	0,001326	0,403325
0,001328	2,44466	0,001328	2,44739	0,001328	0,429246
0,00133	2,43999	0,00133	2,44337	0,00133	0,454362
0,001332	2,43677	0,001332	2,43822	0,001332	0,478673
0,001334	2,43178	0,001334	2,43162	0,001334	0,501213
0,001336	2,42679	0,001336	2,43113	0,001336	0,523109
0,001338	2,4255	0,001338	2,42614	0,001338	0,545488
0,00134	2,42019	0,00134	2,42196	0,00134	0,569799
0,001342	2,41374	0,001342	2,41745	0,001342	0,590567
0,001344	2,41181	0,001344	2,41487	0,001344	0,611497
0,001346	2,40634	0,001346	2,40747	0,001346	0,633071
0,001348	2,40569	0,001348	2,40038	0,001348	0,651908
0,00135	2,39781	0,00135	2,39909	0,00135	0,672355
0,001352	2,39555	0,001352	2,39684	0,001352	0,691514
0,001354	2,39281	0,001354	2,39603	0,001354	0,709868
0,001356	2,38943	0,001356	2,39104	0,001356	0,728705
0,001358	2,38605	0,001358	2,38605	0,001358	0,747381
0,00136	2,38187	0,00136	2,3846	0,00136	0,764608
0,001362	2,38219	0,001362	2,37897	0,001362	0,783123
0,001364	2,37527	0,001364	2,37639	0,001364	0,799706
0,001366	2,37494	0,001366	2,37188	0,001366	0,816611
0,001368	2,37156	0,001368	2,37237	0,001368	0,832067
0,00137	2,36528	0,00137	2,36899	0,00137	0,847845
0,001372	2,36432	0,001372	2,36287	0,001372	0,864267
0,001374	2,3619	0,001374	2,36174	0,001374	0,879562
0,001376	2,35707	0,001376	2,35884	0,001376	0,89373
0,001378	2,35562	0,001378	2,35691	0,001378	0,909347
0,00138	2,35385	0,00138	2,35562	0,00138	0,923998
0,001382	2,34934	0,001382	2,35031	0,001382	0,938005
0,001384	2,34838	0,001384	2,34967	0,001384	0,950563
0,001386	2,34983	0,001386	2,34435	0,001386	0,965053
0,001388	2,34113	0,001388	2,34242	0,001388	0,977933
0,00139	2,3429	0,00139	2,33807	0,00139	0,990491
0,001392	2,33872	0,001392	2,33823	0,001392	1,00337
0,001394	2,33646	0,001394	2,33679	0,001394	1,01577
0,001396	2,33147	0,001396	2,33179	0,001396	1,02736
0,001398	2,33018	0,001398	2,33115	0,001398	1,03943
0,0014	2,32745	0,0014	2,33115	0,0014	1,05135
0,001402	2,32809	0,001402	2,32713	0,001402	1,06262
0,001404	2,32439	0,001404	2,32503	0,001404	1,07469
0,001406	2,3239	0,001406	2,32246	0,001406	1,08548
0,001408	2,32197	0,001408	2,32262	0,001408	1,09562
0,00141	2,32004	0,00141	2,31891	0,00141	1,10561
0,001412	2,31843	0,001412	2,3173	0,001412	1,11639
0,001414	2,31441	0,001414	2,31441	0,001414	1,12654
0,001416	2,31135	0,001416	2,3136	0,001416	1,13587
0,001418	2,31489	0,001418	2,31344	0,001418	1,14666
0,00142	2,31102	0,00142	2,30941	0,00142	1,15648
0,001422	2,30748	0,001422	2,30603	0,001422	1,16518
0,001424	2,30941	0,001424	2,30748	0,001424	1,17306
0,001426	2,30732	0,001426	2,30636	0,001426	1,18321
0,001428	2,30362	0,001428	2,3033	0,001428	1,1919
0,00143	2,3033	0,00143	2,29943	0,00143	1,20076
0,001432	2,30008	0,001432	2,30072	0,001432	1,20832
0,001434	2,3041	0,001434	2,29637	0,001434	1,21766
0,001436	2,29702	0,001436	2,29283	0,001436	1,22523
0,001438	2,29831	0,001438	2,29476	0,001438	1,23231
0,00144	2,29557	0,00144	2,29331	0,00144	1,24052
0,001442	2,29509	0,001442	2,29315	0,001442	1,24777
0,001444	2,29074	0,001444	2,29026	0,001444	1,2555
0,001446	2,2917	0,001446	2,29009	0,001446	1,26323
0,001448	2,28736	0,001448	2,29058	0,001448	1,27031
0,00145	2,28639	0,00145	2,28736	0,00145	1,27739
0,001452	2,28237	0,001452	2,28526	0,001452	1,28432
0,001454	2,2872	0,001454	2,28221	0,001454	1,29092
0,001456	2,28543	0,001456	2,28575	0,001456	1,29752
0,001458	2,2806	0,001458	2,28124	0,001458	1,30396
0,00146	2,28092	0,00146	2,28108	0,00146	1,30992
0,001462	2,27899	0,001462	2,27947	0,001462	1,31684
0,001464	2,27995	0,001464	2,2777	0,001464	1,32199
0,001466	2,27866	0,001466	2,27721	0,001466	1,32811
0,001468	2,27641	0,001468	2,27641	0,001468	1,33439
0,00147	2,2748	0,00147	2,27689	0,00147	1,33986
0,001472	2,27577	0,001472	2,27335	0,001472	1,34534
0,001474	2,27512	0,001474	2,2719	0,001474	1,35178
0,001476	2,2719	0,001476	2,27142	0,001476	1,35677
0,001478	2,26981	0,001478	2,27093	0,001478	1,36256
0,00148	2,27158	0,00148	2,27174	0,00148	1,36739
0,001482	2,27126	0,001482	2,269	0,001482	1,37206
0,001484	2,26932	0,001484	2,26691	0,001484	1,3777
0,001486	2,26546	0,001486	2,26659	0,001486	1,38204
0,001488	2,269	0,001488	2,26659	0,001488	1,38752
0,00149	2,26755	0,00149	2,26804	0,00149	1,39251
0,001492	2,26546	0,001492	2,26562	0,001492	1,39686
0,001494	2,26353	0,001494	2,26433	0,001494	1,40152
0,001496	2,26337	0,001496	2,26498	0,001496	1,40571
0,001498	2,26482	0,001498	2,26466	0,001498	1,41022
0,0015	-2,17201	0,0015	-0,913644	0,0015	1,25228
0,001502	-2,71796	0,001502	-1,99523	0,001502	1,1473
0,001504	-2,69864	0,001504	-2,4148	0,001504	1,06825
0,001506	-2,68979	0,001506	-2,57725	0,001506	0,996609
0,001508	-2,67868	0,001508	-2,63633	0,001508	0,936556
0,00151	-2,67047	0,00151	-2,65678	0,00151	0,88085
0,001512	-2,66274	0,001512	-2,65871	0,001512	0,824017
0,001514	-2,65227	0,001514	-2,65533	0,001514	0,769599
0,001516	-2,64342	0,001516	-2,64986	0,001516	0,716147
0,001518	-2,63827	0,001518	-2,6431	0,001518	0,662051
0,00152	-2,63006	0,00152	-2,63537	0,00152	0,612302
0,001522	-2,62104	0,001522	-2,62845	0,001522	0,565291
0,001524	-2,61428	0,001524	-2,62362	0,001524	0,513288
0,001526	-2,60671	0,001526	-2,61331	0,001526	0,467242
0,001528	-2,60059	0,001528	-2,60607	0,001528	0,425543
0,00153	-2,5882	0,00153	-2,59914	0,00153	0,376599
0,001532	-2,58159	0,001532	-2,59077	0,001532	0,338443
0,001534	-2,57419	0,001534	-2,58208	0,001534	0,294168
0,001536	-2,56936	0,001536	-2,57387	0,001536	0,254401
0,001538	-2,56131	0,001538	-2,56469	0,001538	0,213024
0,00154	-2,55052	0,00154	-2,55922	0,00154	0,172131
0,001542	-2,54682	0,001542	-2,55374	0,001542	0,136067
0,001544	-2,54006	0,001544	-2,54601	0,001544	0,0996812
0,001546	-2,5304	0,001546	-2,53571	0,001546	0,0613635
0,001548	-2,52492	0,001548	-2,53185	0,001548	0,0262658
0,00155	-2,51945	0,00155	-2,5238	0,00155	-0,00689996
0,001552	-2,5143	0,001552	-2,51864	0,001552	-0,0403877
0,001554	-2,51011	0,001554	-2,51236	0,001554	-0,0754854
0,001556	-2,50126	0,001556	-2,50592	0,001556	-0,10849
0,001558	-2,49739	0,001558	-2,50029	0,001558	-0,139885
0,00156	-2,48821	0,00156	-2,49482	0,00156	-0,16967
0,001562	-2,48403	0,001562	-2,49063	0,001562	-0,201064
0,001564	-2,47952	0,001564	-2,48628	0,001564	-0,229561
0,001566	-2,47662	0,001566	-2,48306	0,001566	-0,261278
0,001568	-2,46809	0,001568	-2,47678	0,001568	-0,287199
0,00157	-2,46455	0,00157	-2,46841	0,00157	-0,315534
0,001572	-2,45762	0,001572	-2,46165	0,001572	-0,342904
0,001574	-2,44909	0,001574	-2,45762	0,001574	-0,368986
0,001576	-2,447	0,001576	-2,45038	0,001576	-0,39378
0,001578	-2,44217	0,001578	-2,44603	0,001578	-0,420988
0,00158	-2,43637	0,00158	-2,447	0,00158	-0,446748
0,001582	-2,43557	0,001582	-2,44185	0,001582	-0,469127
0,001584	-2,43042	0,001584	-2,4346	0,001584	-0,49215
0,001586	-2,42736	0,001586	-2,43042	0,001586	-0,516783
0,001588	-2,41898	0,001588	-2,4222	0,001588	-0,538034
0,00159	-2,41721	0,00159	-2,42027	0,00159	-0,561057
0,001592	-2,41496	0,001592	-2,41721	0,001592	-0,581987
0,001594	-2,41045	0,001594	-2,41512	0,001594	-0,604849
0,001596	-2,40627	0,001596	-2,41287	0,001596	-0,623525
0,001598	-2,4016	0,001598	-2,40739	0,001598	-0,644937
0,0016	-2,39918	0,0016	-2,40144	0,0016	-0,664257
0,001602	-2,39661	0,001602	-2,39693	0,001602	-0,685348
0,001604	-2,39145	0,001604	-2,3929	0,001604	-0,704668
0,001606	-2,39081	0,001606	-2,39178	0,001606	-0,721573
0,001608	-2,38646	0,001608	-2,38646	0,001608	-0,739604
0,00161	-2,38051	0,00161	-2,38228	0,00161	-0,758119
0,001612	-2,37632	0,001612	-2,38034	0,001612	-0,775507
0,001614	-2,37213	0,001614	-2,37841	0,001614	-0,792895
0,001616	-2,37181	0,001616	-2,37374	0,001616	-0,808834
0,001618	-2,36424	0,001618	-2,36746	0,001618	-0,8259
0,00162	-2,36763	0,00162	-2,36618	0,00162	-0,841838
0,001622	-2,3599	0,001622	-2,36231	0,001622	-0,857294
0,001624	-2,35748	0,001624	-2,36199	0,001624	-0,872267
0,001626	-2,35201	0,001626	-2,3607	0,001626	-0,888045
0,001628	-2,35249	0,001628	-2,35475	0,001628	-0,903984
0,00163	-2,34605	0,00163	-2,35281	0,00163	-0,917186
0,001632	-2,35088	0,001632	-2,3512	0,001632	-0,93071
0,001634	-2,34428	0,001634	-2,34637	0,001634	-0,944233
0,001636	-2,34235	0,001636	-2,34331	0,001636	-0,957757
0,001638	-2,34219	0,001638	-2,34026	0,001638	-0,971281
0,00164	-2,33623	0,00164	-2,33816	0,00164	-0,984
0,001642	-2,33462	0,001642	-2,33752	0,001642	-0,997524
0,001644	-2,33076	0,001644	-2,33607	0,001644	-1,0104
0,001646	-2,33076	0,001646	-2,33784	0,001646	-1,02264
0,001648	-2,32641	0,001648	-2,33124	0,001648	-1,03327
0,00165	-2,32351	0,00165	-2,32866	0,00165	-1,04631
0,001652	-2,32432	0,001652	-2,3256	0,001652	-1,05725
0,001654	-2,32029	0,001654	-2,32496	0,001654	-1,06869
0,001656	-2,31997	0,001656	-2,32142	0,001656	-1,07851
0,001658	-2,31611	0,001658	-2,32077	0,001658	-1,09026
0,00166	-2,31369	0,00166	-2,32045	0,00166	-1,10072
0,001662	-2,31385	0,001662	-2,31772	0,001662	-1,11119
0,001664	-2,31337	0,001664	-2,31514	0,001664	-1,12053
0,001666	-2,31224	0,001666	-2,31594	0,001666	-1,13212
0,001668	-2,30886	0,001668	-2,31289	0,001668	-1,14113
0,00167	-2,3058	0,00167	-2,30806	0,00167	-1,15096
0,001672	-2,30548	0,001672	-2,30548	0,001672	-1,16029
0,001674	-2,30017	0,001674	-2,30596	0,001674	-1,16899
0,001676	-2,29807	0,001676	-2,30693	0,001676	-1,17816
0,001678	-2,29936	0,001678	-2,305	0,001678	-1,18686
0,00168	-2,29534	0,00168	-2,29904	0,00168	-1,19491
0,001682	-2,29759	0,001682	-2,29952	0,001682	-1,20296
0,001684	-2,29244	0,001684	-2,2963	0,001684	-1,21214
0,001686	-2,28938	0,001686	-2,29501	0,001686	-1,22051
0,001688	-2,29453	0,001688	-2,29373	0,001688	-1,22807
0,00169	-2,29083	0,00169	-2,29244	0,00169	-1,23693
0,001692	-2,28825	0,001692	-2,29115	0,001692	-1,24401
0,001694	-2,28439	0,001694	-2,29051	0,001694	-1,25174
0,001696	-2,28632	0,001696	-2,28793	0,001696	-1,2585
0,001698	-2,28423	0,001698	-2,28729	0,001698	-1,26575
0,0017	-2,28568	0,0017	-2,28648	0,0017	-1,27315
0,001702	-2,28117	0,001702	-2,28391	0,001702	-1,27943
0,001704	-2,27827	0,001704	-2,28101	0,001704	-1,28507
0,001706	-2,27811	0,001706	-2,28197	0,001706	-1,29296
0,001708	-2,27924	0,001708	-2,28117	0,001708	-1,29988
0,00171	-2,27376	0,00171	-2,28052	0,00171	-1,30568
0,001712	-2,27505	0,001712	-2,27908	0,001712	-1,31163
0,001714	-2,27296	0,001714	-2,27441	0,001714	-1,31823
0,001716	-2,27215	0,001716	-2,27167	0,001716	-1,32387
0,001718	-2,27119	0,001718	-2,27344	0,001718	-1,33031
0,00172	-2,27086	0,00172	-2,27006	0,00172	-1,3353
0,001722	-2,26845	0,001722	-2,2707	0,001722	-1,34126
0,001724	-2,26716	0,001724	-2,27408	0,001724	-1,34689
0,001726	-2,26652	0,001726	-2,2736	0,001726	-1,35285
0,001728	-2,26958	0,001728	-2,27103	0,001728	-1,35768
0,00173	-2,26475	0,00173	-2,26909	0,00173	-1,36283
0,001732	-2,26603	0,001732	-2,26684	0,001732	-1,36846
0,001734	-2,26716	0,001734	-2,26507	0,001734	-1,37297
0,001736	-2,26249	0,001736	-2,26442	0,001736	-1,37861
0,001738	-2,2641	0,001738	-2,26394	0,001738	-1,38295
0,00174	-2,26394	0,00174	-2,26281	0,00174	-1,38811
0,001742	-2,2604	0,001742	-2,2633	0,001742	-1,39261
0,001744	-2,25976	0,001744	-2,26394	0,001744	-1,39712
0,001746	-2,25654	0,001746	-2,26185	0,001746	-1,40099
0,001748	-2,25605	0,001748	-2,2612	0,001748	-1,40356
0,00175	2,72867	0,00175	0,945572	0,00175	-1,23226
0,001752	2,71692	0,001752	2,01027	0,001752	-1,12632
0,001754	2,70387	0,001754	2,4255	0,001754	-1,04953
0,001756	2,69309	0,001756	2,58087	0,001756	-0,984483
0,001758	2,68278	0,001758	2,63722	0,001758	-0,925075
0,00176	2,67505	0,00176	2,65799	0,00176	-0,865183
0,001762	2,66539	0,001762	2,65976	0,001762	-0,806097
0,001764	2,65686	0,001764	2,65606	0,001764	-0,754577
0,001766	2,64623	0,001766	2,64897	0,001766	-0,697906
0,001768	2,64157	0,001768	2,64237	0,001768	-0,65186
0,00177	2,63046	0,00177	2,63448	0,00177	-0,597604
0,001772	2,62289	0,001772	2,62466	0,001772	-0,550753
0,001774	2,61613	0,001774	2,6187	0,001774	-0,502615
0,001776	2,60679	0,001776	2,61146	0,001776	-0,459306
0,001778	2,60099	0,001778	2,60051	0,001778	-0,410201
0,00178	2,59101	0,00178	2,59407	0,00178	-0,365605
0,001782	2,58264	0,001782	2,58586	0,001782	-0,326321
0,001784	2,57571	0,001784	2,57958	0,001784	-0,283657
0,001786	2,56927	0,001786	2,57217	0,001786	-0,242602
0,001788	2,56444	0,001788	2,56573	0,001788	-0,20203
0,00179	2,55253	0,00179	2,55897	0,00179	-0,163069
0,001792	2,54947	0,001792	2,55285	0,001792	-0,126039
0,001794	2,54029	0,001794	2,54416	0,001794	-0,0891703
0,001796	2,53273	0,001796	2,53707	0,001796	-0,0513356
0,001798	2,52774	0,001798	2,52983	0,001798	-0,0154329
0,0018	2,52001	0,0018	2,52468	0,0018	0,0170889
0,001802	2,51453	0,001802	2,51711	0,001802	0,0529916
0,001804	2,5097	0,001804	2,51147	0,001804	0,0868013
0,001806	2,50085	0,001806	2,506	0,001806	0,117069
0,001808	2,49859	0,001808	2,50294	0,001808	0,147337
0,00181	2,48684	0,00181	2,49489	0,00181	0,180342
0,001812	2,48716	0,001812	2,4899	0,001812	0,211253
0,001814	2,47799	0,001814	2,48249	0,001814	0,23975
0,001816	2,47702	0,001816	2,4775	0,001816	0,265832
0,001818	2,47074	0,001818	2,4701	0,001818	0,298515
0,00182	2,46607	0,00182	2,46607	0,00182	0,325402
0,001822	2,4606	0,001822	2,46027	0,001822	0,352128
0,001824	2,45351	0,001824	2,45705	0,001824	0,376277
0,001826	2,45142	0,001826	2,45222	0,001826	0,403486
0,001828	2,4453	0,001828	2,44643	0,001828	0,429568
0,00183	2,44095	0,00183	2,44208	0,00183	0,452913
0,001832	2,43242	0,001832	2,43725	0,001832	0,476902
0,001834	2,43113	0,001834	2,43339	0,001834	0,501374
0,001836	2,42598	0,001836	2,42679	0,001836	0,524397
0,001838	2,42131	0,001838	2,42212	0,001838	0,545971
0,00184	2,41906	0,00184	2,42067	0,00184	0,56674
0,001842	2,41616	0,001842	2,41713	0,001842	0,588957
0,001844	2,41101	0,001844	2,41149	0,001844	0,609887
0,001846	2,4065	0,001846	2,40811	0,001846	0,631139
0,001848	2,40392	0,001848	2,40714	0,001848	0,652874
0,00185	2,40038	0,00185	2,40376	0,00185	0,672194
0,001852	2,39153	0,001852	2,39652	0,001852	0,690387
0,001854	2,39459	0,001854	2,39056	0,001854	0,710029
0,001856	2,38959	0,001856	2,39088	0,001856	0,728383
0,001858	2,38654	0,001858	2,38637	0,001858	0,746737
0,00186	2,38171	0,00186	2,38283	0,00186	0,764608
0,001862	2,37881	0,001862	2,38106	0,001862	0,78103
0,001864	2,37913	0,001864	2,37736	0,001864	0,797935
0,001866	2,37156	0,001866	2,37285	0,001866	0,815484
0,001868	2,37108	0,001868	2,37301	0,001868	0,831584
0,00187	2,36899	0,00187	2,3685	0,00187	0,848167
0,001872	2,36367	0,001872	2,36577	0,001872	0,862657
0,001874	2,36206	0,001874	2,36351	0,001874	0,878918
0,001876	2,35981	0,001876	2,35981	0,001876	0,893247
0,001878	2,35755	0,001878	2,35852	0,001878	0,908381
0,00188	2,35417	0,00188	2,3545	0,00188	0,922066
0,001882	2,35095	0,001882	2,35337	0,001882	0,936878
0,001884	2,34709	0,001884	2,34886	0,001884	0,950563
0,001886	2,345	0,001886	2,34467	0,001886	0,964087
0,001888	2,34516	0,001888	2,34323	0,001888	0,976967
0,00189	2,34033	0,00189	2,34065	0,00189	0,990169
0,001892	2,34033	0,001892	2,33823	0,001892	1,00273
0,001894	2,3384	0,001894	2,33679	0,001894	1,01496
0,001896	2,33405	0,001896	2,33582	0,001896	1,02655
0,001898	2,33421	0,001898	2,33324	0,001898	1,03895
0,0019	2,32986	0,0019	2,32954	0,0019	1,0507
0,001902	2,32552	0,001902	2,32584	0,001902	1,06342
0,001904	2,32616	0,001904	2,32729	0,001904	1,07373
0,001906	2,32213	0,001906	2,32535	0,001906	1,08435
0,001908	2,32181	0,001908	2,32229	0,001908	1,09546
0,00191	2,31956	0,00191	2,32052	0,00191	1,10641
0,001912	2,3165	0,001912	2,31698	0,001912	1,11559
0,001914	2,31907	0,001914	2,31424	0,001914	1,12654
0,001916	2,30941	0,001916	2,31296	0,001916	1,1362
0,001918	2,31086	0,001918	2,31038	0,001918	1,14602
0,00192	2,30893	0,00192	2,31054	0,00192	1,15552
0,001922	2,30925	0,001922	2,30668	0,001922	1,16437
0,001924	2,30829	0,001924	2,30523	0,001924	1,17323
0,001926	2,30491	0,001926	2,29943	0,001926	1,18224
0,001928	2,30249	0,001928	2,30153	0,001928	1,1911
0,00193	2,3012	0,00193	2,29943	0,00193	1,19963
0,001932	2,30201	0,001932	2,29814	0,001932	1,20832
0,001934	2,29975	0,001934	2,29557	0,001934	1,21653
0,001936	2,29831	0,001936	2,29718	0,001936	1,22458
0,001938	2,29605	0,001938	2,29541	0,001938	1,23312
0,00194	2,29331	0,00194	2,29154	0,00194	1,24085
0,001942	2,29492	0,001942	2,29074	0,001942	1,24777
0,001944	2,29348	0,001944	2,2917	0,001944	1,25534
0,001946	2,28881	0,001946	2,28961	0,001946	1,26258
0,001948	2,28848	0,001948	2,288	0,001948	1,26902
0,00195	2,2872	0,00195	2,28736	0,00195	1,27691
0,001952	2,28704	0,001952	2,28897	0,001952	1,28448
0,001954	2,2851	0,001954	2,28526	0,001954	1,29011
0,001956	2,2851	0,001956	2,28365	0,001956	1,2972
0,001958	2,28382	0,001958	2,28188	0,001958	1,30299
0,00196	2,28269	0,00196	2,28237	0,00196	1,30975
0,001962	2,27931	0,001962	2,27899	0,001962	1,31587
0,001964	2,27834	0,001964	2,2756	0,001964	1,32183
0,001966	2,27834	0,001966	2,27496	0,001966	1,32827
0,001968	2,27625	0,001968	2,27689	0,001968	1,3339
0,00197	2,27705	0,00197	2,27512	0,00197	1,33986
0,001972	2,27271	0,001972	2,27544	0,001972	1,3455
0,001974	2,27093	0,001974	2,2719	0,001974	1,35097
0,001976	2,27206	0,001976	2,27045	0,001976	1,3558
0,001978	2,2682	0,001978	2,27061	0,001978	1,3616
0,00198	2,26932	0,00198	2,2661	0,00198	1,36691
0,001982	2,26949	0,001982	2,26707	0,001982	1,37222
0,001984	2,26932	0,001984	2,26981	0,001984	1,37705
0,001986	2,2661	0,001986	2,26466	0,001986	1,38092
0,001988	2,26643	0,001988	2,26482	0,001988	1,38703
0,00199	2,26482	0,00199	2,26385	0,00199	1,3917
0,001992	2,26707	0,001992	2,26562	0,001992	1,39589
0,001994	2,2624	0,001994	2,26385	0,001994	1,40104
0,001996	2,26498	0,001996	2,2624	0,001996	1,40571
0,001998	2,26063	0,001998	2,26079	0,001998	1,40845
