Frequency - Plot 0	Amplitude - Plot 0
256,129	0,334607
202,346	1,59299
202,408	1,59213
202,424	1,59192
202,441	1,59165
300,443	1,60218
300,444	1,60213
300,44	1,6021
399,924	1,5818
399,922	1,58195
399,929	1,58185
499,942	1,55488
499,939	1,55496
499,94	1,55493
599,962	1,52437
599,958	1,52446
599,962	1,52453
699,988	1,49123
699,987	1,49125
699,987	1,49131
800,018	1,45597
800,014	1,45608
800,011	1,45619
900,041	1,41945
900,039	1,41957
900,042	1,41964
900,04	1,41981
1000,06	1,38238
1000,06	1,38241
1000,07	1,38246
1100,09	1,34481
1100,09	1,345
1100,09	1,34503
1199,93	1,30748
1199,93	1,30769
1199,93	1,3078
1299,95	1,27065
1299,95	1,27087
1299,95	1,27091
1399,97	1,23453
1399,98	1,23468
1399,98	1,2348
1500	1,19925
1500	1,19936
1500	1,19951
1600,03	1,16495
1600,03	1,16519
1600,03	1,16517
1600,03	1,1653
1700,06	1,13196
1700,05	1,13204
1700,05	1,13205
1800,08	1,09984
1800,08	1,09999
1800,08	1,10006
1900,1	1,06889
1900,1	1,06904
1900,11	1,06908
1999,93	1,03922
1999,94	1,03939
1999,94	1,03942
2099,97	1,01066
2099,97	1,01084
2099,97	1,01097
2199,99	0,983291
2199,99	0,983519
2200	0,983562
2300,02	0,957047
2300,02	0,957207
2300,02	0,957258
2400,04	0,931822
2400,04	0,932068
2400,04	0,932081
2500,07	0,907693
2500,07	0,907915
2500,07	0,908015
2500,07	0,908086
2600,09	0,884607
2600,09	0,884812
2600,09	0,884902
2700,12	0,862427
2700,12	0,862634
2700,12	0,862686
2799,95	0,841225
2799,95	0,841415
2799,95	0,841551
2899,98	0,820907
2899,98	0,821068
2899,98	0,821169
3000,01	0,801338
3000	0,801519
3000,01	0,801607
3100,03	0,782545
3100,04	0,782779
3100,04	0,782896
3100,03	0,782958
3200,06	0,76485
3200,05	0,764879
3200,06	0,764949
3300,08	0,747438
3300,08	0,74763
3300,08	0,747681
3400,11	0,730901
3400,11	0,731075
3400,11	0,731164
3499,95	0,715017
3499,95	0,715153
3499,95	0,715259
3599,97	0,69975
3599,98	0,699885
3599,97	0,699948
3700	0,685011
3700	0,685197
3700	0,68521
3700	0,685272
3800,02	0,671009
3800,02	0,671052
3800,02	0,671099
3900,05	0,657225
3900,05	0,657409
3900,05	0,657467
4000,08	0,644126
4000,08	0,644297
4000,08	0,644337
4100,1	0,631455
4100,1	0,631607
4100,1	0,631646
4200,12	0,619228
4200,12	0,619406
4200,11	0,619457
4299,96	0,607506
4299,96	0,607665
4299,96	0,607708
4399,98	0,596182
4399,98	0,59629
4399,99	0,59636
4488,39	0,585234
4500,01	0,585327
4500,01	0,585353
4500,01	0,585412
4600,03	0,574628
4600,03	0,574741
4600,04	0,574792
4700,06	0,564412
4700,07	0,564543
4700,06	0,564575
4800,09	0,55451
4800,09	0,554617
4800,09	0,554662
4900,11	0,544954
4900,11	0,545076
4900,11	0,545079
5000,14	0,535695
5000,14	0,535767
5000,14	0,535783
5099,98	0,52675
5099,97	0,526833
5099,97	0,526922
5099,98	0,526879
5200	0,518121
5200	0,51815
5199,99	0,518205
5300,02	0,509628
5300,02	0,509713
5300,02	0,509756
5400,05	0,501464
5400,05	0,501582
5400,05	0,501619
5500,07	0,493566
5500,07	0,493665
5500,07	0,493712
5600,1	0,48588
5600,1	0,485973
5600,1	0,48604
5700,12	0,478465
5700,13	0,478538
5700,12	0,478581
5800,15	0,471193
5800,15	0,471273
5800,16	0,471325
5800,14	0,47131
5899,99	0,464234
5899,99	0,464302
5899,99	0,464298
6000,01	0,457331
6000,01	0,457422
6000,01	0,457458
6100,03	0,450677
6100,04	0,450781
6100,04	0,450809
6200,07	0,444254
6200,06	0,44433
6200,06	0,444368
6300,09	0,437961
6300,09	0,438037
6300,09	0,438067
6400,12	0,431849
6400,12	0,431944
6400,11	0,431928
6500,14	0,425882
6500,14	0,425983
6500,14	0,425947
6500,13	0,426009
6599,98	0,420151
6599,99	0,420174
6599,99	0,420203
6700	0,414466
6700,01	0,414516
6700,01	0,41454
6800,03	0,408946
6800,02	0,40899
6800,03	0,409011
6900,05	0,403547
6900,06	0,403661
6900,06	0,403682
7000,09	0,398328
7000,08	0,398419
7000,07	0,398424
7100,1	0,393237
7100,1	0,393287
7100,1	0,393333
7200,13	0,388245
7200,13	0,388321
7200,13	0,388354
7200,13	0,388362
7300,16	0,383426
7300,16	0,383454
7300,15	0,383509
7399,99	0,37869
7399,98	0,378728
7400	0,378716
7500,02	0,374032
7500,01	0,374101
7500,02	0,37413
7600,04	0,369502
7600,04	0,36957
7600,05	0,369586
7700,07	0,365069
7700,06	0,365155
7700,07	0,365181
7800,09	0,360752
7800,09	0,360829
7800,1	0,36082
7800,1	0,360832
7900,12	0,356556
7900,12	0,356597
7900,12	0,356625
8000,14	0,352396
8000,14	0,35243
8000,14	0,35244
8100,16	0,348245
8100,16	0,348279
8100,17	0,348318
8200,01	0,344359
8200,02	0,344442
8200,01	0,344445
8300,03	0,340523
8300,04	0,340573
8300,04	0,340554
8400,06	0,336701
8400,06	0,336739
8400,06	0,336765
8400,05	0,336793
8500,09	0,333006
8500,08	0,333035
8500,08	0,333072
8600,11	0,329397
8600,12	0,329433
8600,11	0,329455
8700,14	0,325887
8700,13	0,325909
8700,13	0,325938
8800,16	0,322391
8800,15	0,32242
8800,16	0,322454
8900,19	0,319002
8900,19	0,318957
8900,19	0,31902
9000,03	0,315618
9000,03	0,315669
9000,01	0,315695
9100,05	0,312374
9100,04	0,312399
9100,05	0,312426
9100,05	0,31242
9200,07	0,309189
9200,07	0,309206
9200,07	0,30922
9300,1	0,306062
9300,11	0,306058
9300,1	0,306056
9400,13	0,302947
9400,12	0,302963
9400,13	0,302992
9500,15	0,299915
9500,15	0,299925
9500,15	0,299958
9600,18	0,296962
9600,18	0,297
9600,18	0,29699
9700,01	0,294054
9700,02	0,294083
9700,01	0,294044
9800,04	0,291195
9800,03	0,291222
9800,04	0,291238
9900,06	0,288387
9900,06	0,288429
9900,07	0,288434
10000,1	0,28564
10000,1	0,285662
10000,1	0,285666
10000,1	0,285687
