Time - V_C	Amplitude - V_C	Time - V_R	Amplitude - V_R	Time - V_S	Amplitude - V_S
0	-0,0306889	0	0,0798796	0	0,00729383
2,00E-05	-0,0557962	2,00E-05	0,0604053	2,00E-05	0,00648911
4,00E-05	-0,0903991	4,00E-05	0,0393217	4,00E-05	0,00487967
6,00E-05	-0,115024	6,00E-05	0,0195256	6,00E-05	0,00600627
8,00E-05	-0,145603	8,00E-05	-0,0012362	8,00E-05	0,00198268
0,0001	-0,171193	0,0001	-0,0215151	0,0001	0,0103518
0,00012	-0,198875	0,00012	-0,0416331	0,00012	0,0053625
0,00014	-0,229133	0,00014	-0,062073	0,00014	0,00471872
0,00016	-0,259229	0,00016	-0,0825129	0,00016	0,00681099
0,00018	-0,28498	0,00018	-0,103114	0,00018	0,00970799
0,0002	-0,310409	0,0002	-0,123393	0,0002	0,00809855
0,00022	-0,337931	0,00022	-0,143672	0,00022	0,00825949
0,00024	-0,368832	0,00024	-0,164594	0,00024	0,00423589
0,00026	-0,396192	0,00026	-0,184873	0,00026	0,00616722
0,00028	-0,426289	0,00028	-0,204991	0,00028	0,00697194
0,0003	-0,456385	0,0003	-0,225431	0,0003	0,00600627
0,00032	-0,482458	0,00032	-0,245871	0,00032	0,00825949
0,00034	-0,505795	0,00034	-0,265989	0,00034	0,0053625
0,00036	-0,535248	0,00036	-0,28659	0,00036	0,00262645
0,00038	-0,563574	0,00038	-0,306547	0,00038	0,00858138
0,0004	-0,58852	0,0004	-0,326826	0,0004	0,0101908
0,00042	-0,616041	0,00042	-0,347104	0,00042	0,00584533
0,00044	-0,645816	0,00044	-0,367383	0,00044	0,00665005
0,00046	-0,673176	0,00046	-0,38734	0,00046	0,00616722
0,00048	-0,698605	0,00048	-0,407619	0,00048	0,0079376
0,0005	-0,725644	0,0005	-0,427093	0,0005	0,00616722
0,00052	-0,750107	0,00052	-0,447211	0,00052	0,00455778
0,00054	-0,778433	0,00054	-0,466525	0,00054	0,00729383
0,00056	-0,812392	0,00056	-0,486643	0,00056	0,00874232
0,00058	-0,830257	0,00058	-0,506117	0,00058	0,00504061
0,0006	-0,857296	0,0006	-0,525591	0,0006	0,00616722
0,00062	-0,885783	0,00062	-0,544904	0,00062	0,00906421
0,00064	-0,909924	0,00064	-0,5647	0,00064	0,00504061
0,00066	-0,935031	0,00066	-0,583853	0,00066	0,00455778
0,00068	-0,963196	0,00068	-0,603166	0,00068	0,00745477
0,0007	-0,989108	0,0007	-0,622157	0,0007	0,00198268
0,00072	-1,01164	0,00072	-0,640988	0,00072	0,00487967
0,00074	-1,03997	0,00074	-0,66014	0,00074	0,0013389
0,00076	-1,06604	0,00076	-0,678809	0,00076	0,00471872
0,00078	-1,0897	0,00078	-0,697318	0,00078	0,003914
0,0008	-1,11464	0,0008	-0,716631	0,0008	0,00600627
0,00082	-1,13798	0,00082	-0,734818	0,00082	0,0053625
0,00084	-1,161	0,00084	-0,753165	0,00084	0,00359212
0,00086	-1,18498	0,00086	-0,77103	0,00086	0,00665005
0,00088	-1,2125	0,00088	-0,789217	0,00088	0,0027874
0,0009	-1,23503	0,0009	-0,806759	0,0009	0,00375306
0,00092	-1,25965	0,00092	-0,825107	0,00092	0,000373237
0,00094	-1,28203	0,00094	-0,84265	0,00094	0,00198268
0,00096	-1,30343	0,00096	-0,860675	0,00096	0,00504061
0,00098	-1,32983	0,00098	-0,878057	0,00098	0,00262645
0,001	-1,35332	0,001	-0,895278	0,001	0,00327023
0,00102	-1,3736	0,00102	-0,912499	0,00102	0,00584533
0,00104	-1,39565	0,00104	-0,930042	0,00104	-0,00155809
0,00106	-1,4177	0,00106	-0,946619	0,00106	0,00584533
0,00108	-1,43814	0,00108	-0,963196	0,00108	0,00568439
0,0011	-1,45568	0,0011	-0,980096	0,0011	0,0053625
0,00112	-1,48369	0,00112	-0,996834	0,00112	0,00423589
0,00114	-1,50767	0,00114	-1,01277	0,00114	0,00520156
0,00116	-1,52231	0,00116	-1,02918	0,00116	0,00520156
0,00118	-1,5434	0,00118	-1,04479	0,00118	0,00471872
0,0012	-1,56883	0,0012	-1,06105	0,0012	0,00310928
0,00122	-1,58943	0,00122	-1,07666	0,00122	0,00166079
0,00124	-1,60552	0,00124	-1,09243	0,00124	0,00343117
0,00126	-1,6287	0,00126	-1,10756	0,00126	0,00713288
0,00128	-1,64415	0,00128	-1,12269	0,00128	0,0013389
0,0013	-1,66829	0,0013	-1,13782	0,0013	-0,00171903
0,00132	-1,68728	0,00132	-1,15279	0,00132	0,00471872
0,00134	-1,70096	0,00134	-1,16727	0,00134	0,00520156
0,00136	-1,72044	0,00136	-1,18192	0,00136	0,0027874
0,00138	-1,73927	0,00138	-1,19576	0,00138	0,00568439
0,0014	-1,75938	0,0014	-1,21008	0,0014	0,0027874
0,00142	-1,77757	0,00142	-1,22344	0,00142	0,00343117
0,00144	-1,7927	0,00144	-1,23744	0,00144	0,00343117
0,00146	-1,80895	0,00146	-1,25112	0,00146	0,00600627
0,00148	-1,82972	0,00148	-1,2648	0,00148	0,00198268
0,0015	-1,84678	0,0015	-1,2772	0,0015	0,00745477
0,00152	-1,86207	0,00152	-1,29039	0,00152	0,00214362
0,00154	-1,87784	0,00154	-1,30327	0,00154	0,00504061
0,00156	-1,89088	0,00156	-1,31566	0,00156	0,00230456
0,00158	-1,90745	0,00158	-1,32789	0,00158	-0,000592427
0,0016	-1,92483	0,0016	-1,34029	0,0016	0,00198268
0,00162	-1,93642	0,00162	-1,35171	0,00162	0,0027874
0,00164	-1,9493	0,00164	-1,36362	0,00164	0,003914
0,00166	-1,96571	0,00166	-1,37505	0,00166	0,00471872
0,00168	-1,98181	0,00168	-1,38648	0,00168	0,00101701
0,0017	-1,99307	0,0017	-1,39742	0,0017	-0,00204092
0,00172	-2,00611	0,00172	-1,40804	0,00172	0,00294834
0,00174	-2,01738	0,00174	-1,41883	0,00174	0,00407495
0,00176	-2,03218	0,00176	-1,42945	0,00176	0,00117796
0,00178	-2,04619	0,00178	-1,43959	0,00178	0,00439684
0,0018	-2,05777	0,0018	-1,44973	0,0018	0,000695125
0,00182	-2,06727	0,00182	-1,45922	0,00182	5,13E-05
0,00184	-2,08127	0,00184	-1,46936	0,00184	0,00230456
0,00186	-2,08851	0,00186	-1,47822	0,00186	0,00101701
0,00188	-2,09978	0,00188	-1,48739	0,00188	0,00375306
0,0019	-2,11056	0,0019	-1,49592	0,0019	0,0013389
0,00192	-2,12215	0,00192	-1,50477	0,00192	0,0013389
0,00194	-2,13631	0,00194	-1,51298	0,00194	0,00439684
0,00196	-2,14034	0,00196	-1,52087	0,00196	0,0027874
0,00198	-2,14935	0,00198	-1,52907	0,00198	-0,0026847
0,002	-2,15434	0,002	-1,53664	0,002	5,13E-05
0,00202	-2,16464	0,00202	-1,54372	0,00202	-0,00171903
0,00204	-2,17462	0,00204	-1,5508	0,00204	0,00117796
0,00206	-2,18202	0,00206	-1,55804	0,00206	0,00343117
0,00208	-2,18798	0,00208	-1,56464	0,00208	0,00149984
0,0021	-2,19828	0,0021	-1,57108	0,0021	-0,000270539
0,00212	-2,20327	0,00212	-1,57752	0,00212	0,00375306
0,00214	-2,20874	0,00214	-1,58315	0,00214	-0,00171903
0,00216	-2,2163	0,00216	-1,58894	0,00216	-0,00155809
0,00218	-2,21968	0,00218	-1,5941	0,00218	0,00455778
0,0022	-2,22741	0,0022	-1,59925	0,0022	0,00423589
0,00222	-2,22902	0,00222	-1,60407	0,00222	0,00117796
0,00224	-2,23642	0,00224	-1,60874	0,00224	-0,00236281
0,00226	-2,24077	0,00226	-1,61325	0,00226	-0,000431483
0,00228	-2,24093	0,00228	-1,61743	0,00228	-0,00139715
0,0023	-2,25026	0,0023	-1,62129	0,0023	0,00632816
0,00232	-2,25075	0,00232	-1,625	0,00232	-0,000753371
0,00234	-2,24849	0,00234	-1,62838	0,00234	0,000373237
0,00236	-2,25622	0,00236	-1,63176	0,00236	0,00101701
0,00238	-2,25895	0,00238	-1,63417	0,00238	-0,00284564
0,0024	-2,2596	0,0024	-1,63707	0,0024	0,000212293
0,00242	-2,26217	0,00242	-1,63916	0,00242	0,00149984
0,00244	-2,26137	0,00244	-1,64125	0,00244	-0,000753371
0,00246	-2,26121	0,00246	-1,64334	0,00246	-0,00107526
0,00248	-2,26137	0,00248	-1,64495	0,00248	-0,00187998
0,0025	-2,26088	0,0025	-1,6464	0,0025	-0,000914315
0,00252	-2,25976	0,00252	-1,64737	0,00252	-0,00171903
0,00254	-2,26346	0,00254	-1,64801	0,00254	-0,0012362
0,00256	-2,26105	0,00256	-1,64882	0,00256	-0,00107526
0,00258	-2,25734	0,00258	-1,64898	0,00258	5,13E-05
0,0026	-2,26056	0,0026	-1,64882	0,0026	0,000534181
0,00262	-2,25171	0,00262	-1,64865	0,00262	-0,000431483
0,00264	-2,25525	0,00264	-1,64801	0,00264	-0,00171903
0,00266	-2,24592	0,00266	-1,64721	0,00266	-0,00139715
0,00268	-2,24978	0,00268	-1,64608	0,00268	-0,00316753
0,0027	-2,2427	0,0027	-1,64463	0,0027	-0,00236281
0,00272	-2,23964	0,00272	-1,64318	0,00272	0,000373237
0,00274	-2,23529	0,00274	-1,64093	0,00274	-0,00558169
0,00276	-2,2295	0,00276	-1,639	0,00276	-0,00139715
0,00278	-2,2287	0,00278	-1,63658	0,00278	0,000695125
0,0028	-2,21759	0,0028	-1,63401	0,0028	0,000212293
0,00282	-2,21663	0,00282	-1,63111	0,00282	-0,000592427
0,00284	-2,20391	0,00284	-1,62789	0,00284	-0,00348942
0,00286	-2,20616	0,00286	-1,62435	0,00286	-0,00220187
0,00288	-2,19329	0,00288	-1,62097	0,00288	-0,00397225
0,0029	-2,18444	0,0029	-1,61647	0,0029	0,000212293
0,00292	-2,17864	0,00292	-1,61276	0,00292	-0,00107526
0,00294	-2,17092	0,00294	-1,60778	0,00294	-0,00429414
0,00296	-2,16126	0,00296	-1,60327	0,00296	-0,00461603
0,00298	-2,15659	0,00298	-1,59844	0,00298	-0,00252375
0,003	-2,14919	0,003	-1,59313	0,003	-0,0012362
0,00302	-2,13519	0,00302	-1,5875	0,00302	-0,00558169
0,00304	-2,1339	0,00304	-1,5817	0,00304	-0,00397225
0,00306	-2,11829	0,00306	-1,57591	0,00306	-0,00220187
0,00308	-2,11169	0,00308	-1,56963	0,00308	-0,00171903
0,0031	-2,10155	0,0031	-1,56303	0,0031	-0,0052598
0,00312	-2,08787	0,00312	-1,55643	0,00312	-0,00300659
0,00314	-2,07435	0,00314	-1,54951	0,00314	-0,00300659
0,00316	-2,06389	0,00316	-1,54227	0,00316	-0,00139715
0,00318	-2,05649	0,00318	-1,53503	0,00318	0,00246551
0,0032	-2,04184	0,0032	-1,5273	0,0032	-0,00703018
0,00322	-2,02784	0,00322	-1,51926	0,00322	-0,00735207
0,00324	-2,01271	0,00324	-1,51137	0,00324	-0,00461603
0,00326	-1,99919	0,00326	-1,503	0,00326	-0,00445508
0,00328	-1,98696	0,00328	-1,49431	0,00328	-0,00799585
0,0033	-1,97698	0,0033	-1,48546	0,0033	-0,00606452
0,00332	-1,95847	0,00332	-1,47628	0,00332	-0,00429414
0,00334	-1,94721	0,00334	-1,46695	0,00334	-0,00445508
0,00336	-1,93497	0,00336	-1,45761	0,00336	-0,00654735
0,00338	-1,92065	0,00338	-1,44731	0,00338	-0,00542074
0,0034	-1,90536	0,0034	-1,43782	0,0034	-0,00348942
0,00342	-1,88444	0,00342	-1,42752	0,00342	-0,00300659
0,00344	-1,87317	0,00344	-1,41706	0,00344	-0,00880057
0,00346	-1,85627	0,00346	-1,40627	0,00346	-0,00348942
0,00348	-1,83712	0,00348	-1,39581	0,00348	-0,00461603
0,0035	-1,82473	0,0035	-1,38422	0,0035	-0,00574263
0,00352	-1,80606	0,00352	-1,37328	0,00352	-0,000914315
0,00354	-1,78819	0,00354	-1,36169	0,00354	-0,00799585
0,00356	-1,76936	0,00356	-1,34994	0,00356	-0,00719113
0,00358	-1,75359	0,00358	-1,33755	0,00358	-0,00381131
0,0036	-1,73524	0,0036	-1,32596	0,0036	-0,0112147
0,00362	-1,71641	0,00362	-1,31325	0,00362	-0,00171903
0,00364	-1,69935	0,00364	-1,30102	0,00364	-0,00445508
0,00366	-1,67956	0,00366	-1,28814	0,00366	-0,00348942
0,00368	-1,66411	0,00368	-1,27543	0,00368	-0,00719113
0,0037	-1,64125	0,0037	-1,26255	0,0037	-0,00348942
0,00372	-1,62017	0,00372	-1,24903	0,00372	-0,000270539
0,00374	-1,60778	0,00374	-1,236	0,00374	-0,00332847
0,00376	-1,58363	0,00376	-1,22232	0,00376	-0,00606452
0,00378	-1,55756	0,00378	-1,20799	0,00378	-0,00606452
0,0038	-1,54227	0,0038	-1,19399	0,0038	-0,00590358
0,00382	-1,51475	0,00382	-1,17983	0,00382	-0,00735207
0,00384	-1,50268	0,00384	-1,16518	0,00384	-0,00912246
0,00386	-1,48031	0,00386	-1,15086	0,00386	-0,00606452
0,00388	-1,45601	0,00388	-1,13621	0,00388	-0,00300659
0,0039	-1,43557	0,0039	-1,12108	0,0039	-0,00300659
0,00392	-1,41223	0,00392	-1,10595	0,00392	-0,00284564
0,00394	-1,38986	0,00394	-1,0905	0,00394	-0,00767396
0,00396	-1,36813	0,00396	-1,07505	0,00396	-0,0102491
0,00398	-1,34302	0,00398	-1,05928	0,00398	-0,00719113
0,004	-1,31824	0,004	-1,04367	0,004	-0,00445508
0,00402	-1,29892	0,00402	-1,02741	0,00402	-0,00558169
0,00404	-1,27414	0,00404	-1,01116	0,00404	-0,0067083
0,00406	-1,25595	0,00406	-0,995224	0,00406	-0,0078349
0,00408	-1,22811	0,00408	-0,978808	0,00408	-0,000914315
0,0041	-1,20638	0,0041	-0,961748	0,0041	-0,0078349
0,00412	-1,17725	0,00412	-0,945493	0,00412	-0,0115366
0,00414	-1,15585	0,00414	-0,928272	0,00414	-0,00574263
0,00416	-1,1317	0,00416	-0,911212	0,00416	-0,00187998
0,00418	-1,11046	0,00418	-0,894152	0,00418	-0,00751302
0,0042	-1,08101	0,0042	-0,87677	0,0042	-0,00654735
0,00422	-1,05638	0,00422	-0,859227	0,00422	-0,00477697
0,00424	-1,03353	0,00424	-0,842006	0,00424	-0,00719113
0,00426	-1,00585	0,00426	-0,824141	0,00426	-0,00992717
0,00428	-0,98251	0,00428	-0,806598	0,00428	-0,00735207
0,0043	-0,953701	0,0043	-0,788412	0,0043	-0,00654735
0,00432	-0,931008	0,00432	-0,770386	0,00432	-0,00719113
0,00434	-0,903004	0,00434	-0,752039	0,00434	-0,0078349
0,00436	-0,884495	0,00436	-0,733852	0,00436	-0,00606452
0,00438	-0,85118	0,00438	-0,715504	0,00438	-0,00686924
0,0044	-0,827843	0,0044	-0,696996	0,0044	-0,000914315
0,00442	-0,800804	0,00442	-0,677844	0,00442	-0,00606452
0,00444	-0,773444	0,00444	-0,659818	0,00444	-0,00638641
0,00446	-0,747049	0,00446	-0,640505	0,00446	-0,00574263
0,00448	-0,724034	0,00448	-0,621674	0,00448	-0,00767396
0,0045	-0,694582	0,0045	-0,602683	0,0045	-0,00863962
0,00452	-0,66867	0,00452	-0,58337	0,00452	-0,00606452
0,00454	-0,64147	0,00454	-0,564378	0,00454	-0,00542074
0,00456	-0,617651	0,00456	-0,544743	0,00456	-0,0115366
0,00458	-0,589164	0,00458	-0,525591	0,00458	-0,00686924
0,0046	-0,558102	0,0046	-0,505795	0,0046	-0,00509886
0,00462	-0,531546	0,00462	-0,485999	0,00462	-0,0067083
0,00464	-0,503059	0,00464	-0,466686	0,00464	-0,00348942
0,00466	-0,47087	0,00466	-0,44705	0,00466	-0,00622546
0,00468	-0,446407	0,00468	-0,426933	0,00468	-0,00590358
0,0047	-0,418403	0,0047	-0,406815	0,0047	-0,00799585
0,00472	-0,387984	0,00472	-0,387018	0,00472	-0,00686924
0,00474	-0,362877	0,00474	-0,367061	0,00474	-0,00590358
0,00476	-0,340184	0,00476	-0,346944	0,00476	-0,00960529
0,00478	-0,311697	0,00478	-0,326826	0,00478	-0,00686924
0,0048	-0,278221	0,0048	-0,306708	0,0048	-0,00606452
0,00482	-0,248607	0,00482	-0,286429	0,00482	-0,00719113
0,00484	-0,223339	0,00484	-0,266633	0,00484	-0,00751302
0,00486	-0,192438	0,00486	-0,245871	0,00486	-0,0078349
0,00488	-0,168618	0,00488	-0,225753	0,00488	-0,00863962
0,0049	-0,136912	0,0049	-0,205152	0,0049	-0,00751302
0,00492	-0,107781	0,00492	-0,185195	0,00492	-0,00847868
0,00494	-0,0823519	0,00494	-0,164433	0,00494	-0,00847868
0,00496	-0,0548305	0,00496	-0,144154	0,00496	-0,01041
0,00498	-0,0226417	0,00498	-0,123393	0,00498	-0,00397225
0,005	0,00230456	0,005	-0,102953	0,005	-0,00880057
0,00502	0,0304698	0,00502	-0,0831566	0,00502	-0,00590358
0,00504	0,0539676	0,00504	-0,0628777	0,00504	-0,00944434
0,00506	0,0859954	0,00506	-0,0424378	0,00506	-0,00606452
0,00508	0,110298	0,00508	-0,021998	0,00508	-0,00944434
0,0051	0,147154	0,0051	-0,00155809	0,0051	-0,00558169
0,00512	0,169847	0,00512	0,0188818	0,00512	-0,00574263
0,00514	0,197369	0,00514	0,0391607	0,00514	-0,00622546
0,00516	0,226017	0,00516	0,0594397	0,00516	-0,00654735
0,00518	0,250158	0,00518	0,0800405	0,00518	-0,00815679
0,0052	0,2846	0,0052	0,10048	0,0052	-0,00767396
0,00522	0,310352	0,00522	0,121081	0,00522	-0,00767396
0,00524	0,337712	0,00524	0,141682	0,00524	-0,00574263
0,00526	0,362658	0,00526	0,161961	0,00526	-0,00574263
0,00528	0,393721	0,00528	0,18224	0,00528	-0,0107319
0,0053	0,424783	0,0053	0,202358	0,0053	-0,00542074
0,00532	0,450695	0,00532	0,222959	0,00532	-0,00348942
0,00534	0,473871	0,00534	0,242916	0,00534	-0,00831774
0,00536	0,504611	0,00536	0,263356	0,00536	-0,0102491
0,00538	0,529236	0,00538	0,283796	0,00538	-0,00654735
0,0054	0,562068	0,0054	0,303592	0,0054	-0,00896151
0,00542	0,585405	0,00542	0,324032	0,00542	-0,0052598
0,00544	0,61518	0,00544	0,344311	0,00544	-0,0100881
0,00546	0,639805	0,00546	0,364268	0,00546	-0,010571
0,00548	0,664429	0,00548	0,384225	0,00548	-0,00815679
0,0055	0,695652	0,0055	0,404504	0,0055	-0,010571
0,00552	0,72253	0,00552	0,4243	0,00552	-0,00381131
0,00554	0,751339	0,00554	0,444096	0,00554	-0,00171903
0,00556	0,776125	0,00556	0,463249	0,00556	-0,00187998
0,00558	0,799462	0,00558	0,483045	0,00558	-0,00220187
0,0056	0,825052	0,0056	0,502358	0,0056	-0,00735207
0,00562	0,856597	0,00562	0,522476	0,00562	-0,00429414
0,00564	0,884441	0,00564	0,541307	0,00564	-0,00542074
0,00566	0,90472	0,00566	0,560781	0,00566	-0,00847868
0,00568	0,930632	0,00568	0,580094	0,00568	-0,00558169
0,0057	0,958958	0,0057	0,599086	0,0057	-0,00863962
0,00572	0,982617	0,00572	0,618238	0,00572	-0,00944434
0,00574	1,01094	0,00574	0,637069	0,00574	-0,00429414
0,00576	1,02849	0,00576	0,65606	0,00576	-0,00703018
0,00578	1,05778	0,00578	0,674891	0,00578	-0,00348942
0,0058	1,07902	0,0058	0,693238	0,0058	-0,00863962
0,00582	1,10606	0,00582	0,711586	0,00582	-0,00863962
0,00584	1,13391	0,00584	0,730095	0,00584	-0,00332847
0,00586	1,15531	0,00586	0,74812	0,00586	-0,00686924
0,00588	1,17961	0,00588	0,766307	0,00588	-0,00960529
0,0059	1,20134	0,0059	0,784655	0,0059	-0,0078349
0,00592	1,22983	0,00592	0,802359	0,00592	-0,00558169
0,00594	1,25268	0,00594	0,820063	0,00594	-0,00397225
0,00596	1,27232	0,00596	0,837928	0,00596	-0,00912246
0,00598	1,2992	0,00598	0,855632	0,00598	-0,0067083
0,006	1,32189	0,006	0,87237	0,006	-0,00493791
0,00602	1,34104	0,00602	0,890074	0,00602	-0,0026847
0,00604	1,36663	0,00604	0,907134	0,00604	-0,00493791
0,00606	1,38723	0,00606	0,923711	0,00606	-0,00284564
0,00608	1,40944	0,00608	0,941093	0,00608	-0,00912246
0,0061	1,42972	0,0061	0,957832	0,0061	-0,00896151
0,00612	1,45145	0,00612	0,974087	0,00612	-0,00413319
0,00614	1,47221	0,00614	0,990503	0,00614	-0,00300659
0,00616	1,49507	0,00616	1,0066	0,00616	-0,00493791
0,00618	1,51406	0,00618	1,02301	0,00618	-0,00815679
0,0062	1,53386	0,0062	1,03847	0,0062	-0,00300659
0,00622	1,55735	0,00622	1,05472	0,00622	-0,00799585
0,00624	1,57876	0,00624	1,07033	0,00624	-0,00381131
0,00626	1,59453	0,00626	1,08562	0,00626	-0,00493791
0,00628	1,61014	0,00628	1,10043	0,00628	-0,00799585
0,0063	1,63767	0,0063	1,1154	0,0063	-0,00348942
0,00632	1,65376	0,00632	1,12988	0,00632	-0,00381131
0,00634	1,66953	0,00634	1,14501	0,00634	-0,00381131
0,00636	1,68981	0,00636	1,15917	0,00636	-0,00348942
0,00638	1,70864	0,00638	1,1735	0,00638	-0,00558169
0,0064	1,72667	0,0064	1,18782	0,0064	-0,00493791
0,00642	1,74276	0,00642	1,20134	0,00642	-0,00590358
0,00644	1,76192	0,00644	1,21518	0,00644	-0,00397225
0,00646	1,77769	0,00646	1,22886	0,00646	-0,00558169
0,00648	1,79877	0,00648	1,24222	0,00648	-0,00236281
0,0065	1,81664	0,0065	1,25542	0,0065	-0,000270539
0,00652	1,83032	0,00652	1,26829	0,00652	-0,00719113
0,00654	1,8448	0,00654	1,28101	0,00654	-0,00815679
0,00656	1,86315	0,00656	1,29372	0,00656	-0,00300659
0,00658	1,87329	0,00658	1,30596	0,00658	-0,00300659
0,0066	1,89341	0,0066	1,31803	0,0066	-0,00397225
0,00662	1,90741	0,00662	1,3301	0,00662	-0,00348942
0,00664	1,92335	0,00664	1,34185	0,00664	-0,00493791
0,00666	1,93815	0,00666	1,35311	0,00666	-0,00477697
0,00668	1,94475	0,00668	1,36454	0,00668	-0,00155809
0,0067	1,96423	0,0067	1,37565	0,0067	-0,00220187
0,00672	1,9763	0,00672	1,38611	0,00672	0,000212293
0,00674	1,98821	0,00674	1,39705	0,00674	-0,00316753
0,00676	1,9998	0,00676	1,40751	0,00676	-0,00155809
0,00678	2,01331	0,00678	1,41765	0,00678	-0,00397225
0,0068	2,027	0,0068	1,42763	0,0068	-0,00493791
0,00682	2,03891	0,00682	1,43777	0,00682	-0,00139715
0,00684	2,05049	0,00684	1,44727	0,00684	-0,00542074
0,00686	2,06353	0,00686	1,45628	0,00686	-0,00429414
0,00688	2,07174	0,00688	1,46561	0,00688	-0,00155809
0,0069	2,07818	0,0069	1,47398	0,0069	-0,00236281
0,00692	2,09298	0,00692	1,48235	0,00692	-0,000592427
0,00694	2,10071	0,00694	1,4912	0,00694	-0,00220187
0,00696	2,10988	0,00696	1,49893	0,00696	0,00230456
0,00698	2,12051	0,00698	1,50698	0,00698	0,00149984
0,007	2,12694	0,007	1,51454	0,007	-0,00300659
0,00702	2,13612	0,00702	1,52211	0,00702	-0,000270539
0,00704	2,14143	0,00704	1,52854	0,00704	-0,00139715
0,00706	2,15141	0,00706	1,53595	0,00706	0,000534181
0,00708	2,15978	0,00708	1,54222	0,00708	-0,00397225
0,0071	2,16493	0,0071	1,54866	0,0071	-0,00381131
0,00712	2,17394	0,00712	1,55478	0,00712	-0,00397225
0,00714	2,18215	0,00714	1,56106	0,00714	0,00246551
0,00716	2,18392	0,00716	1,56685	0,00716	0,003914
0,00718	2,19148	0,00718	1,572	0,00718	-0,00220187
0,0072	2,19647	0,0072	1,57683	0,0072	-0,00493791
0,00722	2,2005	0,00722	1,58198	0,00722	-0,000431483
0,00724	2,20194	0,00724	1,58648	0,00724	5,13E-05
0,00726	2,20903	0,00726	1,59099	0,00726	-0,00397225
0,00728	2,21225	0,00728	1,59501	0,00728	-0,00139715
0,0073	2,21756	0,0073	1,59904	0,0073	-0,00429414
0,00732	2,22045	0,00732	1,60242	0,00732	-0,00204092
0,00734	2,2182	0,00734	1,60564	0,00734	-0,00686924
0,00736	2,23027	0,00736	1,60902	0,00736	0,00149984
0,00738	2,2314	0,00738	1,61143	0,00738	-0,00236281
0,0074	2,22818	0,0074	1,61417	0,0074	-0,00139715
0,00742	2,22914	0,00742	1,6161	0,00742	-0,00171903
0,00744	2,2314	0,00744	1,61867	0,00744	0,00117796
0,00746	2,23188	0,00746	1,62061	0,00746	-0,000753371
0,00748	2,23092	0,00748	1,62205	0,00748	0,00262645
0,0075	2,23365	0,0075	1,6235	0,0075	-0,00139715
0,00752	2,23558	0,00752	1,62431	0,00752	-0,00413319
0,00754	2,23156	0,00754	1,62576	0,00754	0,000373237
0,00756	2,23349	0,00756	1,62576	0,00756	-0,000431483
0,00758	2,22737	0,00758	1,62592	0,00758	-0,000109595
0,0076	2,21965	0,0076	1,62624	0,0076	-0,000431483
0,00762	2,2219	0,00762	1,62576	0,00762	0,000534181
0,00764	2,22061	0,00764	1,62527	0,00764	0,000534181
0,00766	2,21788	0,00766	1,62415	0,00766	-0,0012362
0,00768	2,2174	0,00768	1,6227	0,00768	0,00294834
0,0077	2,21128	0,0077	1,62189	0,0077	-0,000431483
0,00772	2,20822	0,00772	1,61996	0,00772	-0,000270539
0,00774	2,20114	0,00774	1,61819	0,00774	0,00616722
0,00776	2,20194	0,00776	1,61594	0,00776	0,00101701
0,00778	2,19406	0,00778	1,61368	0,00778	-0,000431483
0,0078	2,19229	0,0078	1,61111	0,0078	0,00117796
0,00782	2,18167	0,00782	1,60853	0,00782	-0,000753371
0,00784	2,177	0,00784	1,60499	0,00784	-0,000431483
0,00786	2,17136	0,00786	1,60129	0,00786	0,00149984
0,00788	2,16316	0,00788	1,59759	0,00788	0,00166079
0,0079	2,16026	0,0079	1,59421	0,0079	0,000373237
0,00792	2,14722	0,00792	1,58938	0,00792	0,000212293
0,00794	2,13966	0,00794	1,58504	0,00794	0,000212293
0,00796	2,13016	0,00796	1,58053	0,00796	-0,00171903
0,00798	2,12566	0,00798	1,57538	0,00798	0,00407495
0,008	2,1123	0,008	1,57007	0,008	0,00117796
0,00802	2,10264	0,00802	1,56476	0,00802	0,00327023
0,00804	2,09669	0,00804	1,55896	0,00804	0,00407495
0,00806	2,08365	0,00806	1,55285	0,00806	0,000856069
0,00808	2,07608	0,00808	1,54641	0,00808	0,0053625
0,0081	2,06868	0,0081	1,54029	0,0081	0,00101701
0,00812	2,05597	0,00812	1,53337	0,00812	0,000534181
0,00814	2,0484	0,00814	1,52677	0,00814	-0,000270539
0,00816	2,03166	0,00816	1,51969	0,00816	0,00600627
0,00818	2,02587	0,00818	1,51229	0,00818	0,00182173
0,0082	2,01331	0,0082	1,5044	0,0082	0,00262645
0,00822	1,99625	0,00822	1,49668	0,00822	0,00343117
0,00824	1,98467	0,00824	1,48815	0,00824	0,00809855
0,00826	1,97243	0,00826	1,47978	0,00826	0,00117796
0,00828	1,95731	0,00828	1,47141	0,00828	0,00198268
0,0083	1,94314	0,0083	1,46272	0,0083	0,0013389
0,00832	1,92833	0,00832	1,45322	0,00832	0,00214362
0,00834	1,91836	0,00834	1,44373	0,00834	0,00600627
0,00836	1,90226	0,00836	1,43407	0,00836	0,00182173
0,00838	1,88729	0,00838	1,42441	0,00838	0,00455778
0,0084	1,87297	0,0084	1,41427	0,0084	0,00375306
0,00842	1,85784	0,00842	1,40429	0,00842	0,000373237
0,00844	1,84271	0,00844	1,39351	0,00844	0,00327023
0,00846	1,8242	0,00846	1,38321	0,00846	0,00149984
0,00848	1,80569	0,00848	1,3721	0,00848	0,00246551
0,0085	1,79411	0,0085	1,361	0,0085	0,000695125
0,00852	1,77721	0,00852	1,34973	0,00852	0,00600627
0,00854	1,75483	0,00854	1,33815	0,00854	0,0027874
0,00856	1,73987	0,00856	1,32656	0,00856	0,00166079
0,00858	1,72281	0,00858	1,31465	0,00858	0,00552344
0,0086	1,70639	0,0086	1,30274	0,0086	0,00487967
0,00862	1,68772	0,00862	1,29034	0,00862	0,00761571
0,00864	1,66712	0,00864	1,27747	0,00864	0,0027874
0,00866	1,64716	0,00866	1,26524	0,00866	0,00359212
0,00868	1,63042	0,00868	1,25204	0,00868	0,00552344
0,0087	1,60918	0,0087	1,239	0,0087	0,00471872
0,00872	1,58954	0,00872	1,22532	0,00872	0,00455778
0,00874	1,56781	0,00874	1,21229	0,00874	0,00407495
0,00876	1,54866	0,00876	1,19828	0,00876	0,00439684
0,00878	1,53064	0,00878	1,18428	0,00878	0,00439684
0,0088	1,50859	0,0088	1,17012	0,0088	0,00858138
0,00882	1,48541	0,00882	1,15628	0,00882	0,00520156
0,00884	1,46755	0,00884	1,14163	0,00884	0,00487967
0,00886	1,44485	0,00886	1,12731	0,00886	0,00504061
0,00888	1,42216	0,00888	1,11218	0,00888	0,00487967
0,0089	1,40864	0,0089	1,09737	0,0089	0,00552344
0,00892	1,37742	0,00892	1,08192	0,00892	0,0027874
0,00894	1,35408	0,00894	1,06663	0,00894	0,0079376
0,00896	1,33267	0,00896	1,05118	0,00896	0,00423589
0,00898	1,31095	0,00898	1,03525	0,00898	0,00665005
0,009	1,28729	0,009	1,01931	0,009	0,00149984
0,00902	1,26652	0,00902	1,0029	0,00902	0,00520156
0,00904	1,23965	0,00904	0,986963	0,00904	0,00504061
0,00906	1,2139	0,00906	0,970707	0,00906	0,003914
0,00908	1,1941	0,00908	0,954291	0,00908	0,00166079
0,0091	1,17141	0,0091	0,937713	0,0091	0,00632816
0,00912	1,14742	0,00912	0,920492	0,00912	0,00584533
0,00914	1,11926	0,00914	0,903915	0,00914	0,00407495
0,00916	1,09882	0,00916	0,886533	0,00916	0,0027874
0,00918	1,0758	0,00918	0,869634	0,00918	0,0053625
0,0092	1,0507	0,0092	0,852091	0,0092	0,00665005
0,00922	1,01867	0,00922	0,834548	0,00922	0,0079376
0,00924	0,998229	0,00924	0,817166	0,00924	0,0027874
0,00926	0,974248	0,00926	0,799301	0,00926	0,00423589
0,00928	0,947853	0,00928	0,781436	0,00928	0,00970799
0,0093	0,922746	0,0093	0,763249	0,0093	0,00842043
0,00932	0,897638	0,00932	0,745223	0,00932	0,0079376
0,00934	0,869634	0,00934	0,727359	0,00934	0,00359212
0,00936	0,842756	0,00936	0,708689	0,00936	0,0053625
0,00938	0,819741	0,00938	0,690341	0,00938	0,00294834
0,0094	0,792058	0,0094	0,671833	0,0094	0,0079376
0,00942	0,767595	0,00942	0,652841	0,00942	0,00584533
0,00944	0,739429	0,00944	0,634011	0,00944	0,00375306
0,00946	0,710298	0,00946	0,615341	0,00946	0,00182173
0,00948	0,683743	0,00948	0,596511	0,00948	0,00713288
0,0095	0,663946	0,0095	0,57768	0,0095	0,00890327
0,00952	0,632401	0,00952	0,557884	0,00952	0,00713288
0,00954	0,604719	0,00954	0,538732	0,00954	0,00809855
0,00956	0,576714	0,00956	0,519418	0,00956	0,00890327
0,00958	0,55032	0,00958	0,500105	0,00958	0,0053625
0,0096	0,52151	0,0096	0,48047	0,0096	0,0053625
0,00962	0,498334	0,00962	0,460513	0,00962	0,00648911
0,00964	0,466146	0,00964	0,440716	0,00964	0,00665005
0,00966	0,442487	0,00966	0,421242	0,00966	0,00600627
0,00968	0,412068	0,00968	0,401124	0,00968	0,00439684
0,0097	0,383259	0,0097	0,381328	0,0097	0,00471872
0,00972	0,357991	0,00972	0,361371	0,00972	0,00954704
0,00974	0,328538	0,00974	0,341414	0,00974	0,00809855
0,00976	0,302465	0,00976	0,321296	0,00976	0,00504061
0,00978	0,272852	0,00978	0,3015	0,00978	0,00487967
0,0098	0,245169	0,0098	0,281221	0,0098	0,00954704
0,00982	0,214751	0,00982	0,260942	0,00982	0,00825949
0,00984	0,187551	0,00984	0,240663	0,00984	0,00809855
0,00986	0,159547	0,00986	0,220706	0,00986	0,00665005
0,00988	0,131221	0,00988	0,199622	0,00988	0,0053625
0,0099	0,106113	0,0099	0,179826	0,0099	0,00632816
0,00992	0,0718324	0,00992	0,159386	0,00992	0,0053625
0,00994	0,0484955	0,00994	0,139107	0,00994	0,00842043
0,00996	0,0203303	0,00996	0,118667	0,00996	0,00665005
0,00998	-0,00960529	0,00998	0,0980662	0,00998	0,00681099
0,01	-0,036161	0,01	0,0779482	0,01	0,00149984
0,01002	-0,0615902	0,01002	0,0576693	0,01002	0,00584533
0,01004	-0,0928133	0,01004	0,0370685	0,01004	0,00681099
0,01006	-0,124036	0,01006	0,0169505	0,01006	0,0053625
0,01008	-0,148983	0,01008	-0,00348942	0,01008	0,00471872
0,0101	-0,173446	0,0101	-0,0237684	0,0101	0,0079376
0,01012	-0,201611	0,01012	-0,0443692	0,01012	0,0118003
0,01014	-0,229133	0,01014	-0,0646481	0,01014	0,00616722
0,01016	-0,260839	0,01016	-0,085088	0,01016	0,00504061
0,01018	-0,290935	0,01018	-0,105367	0,01018	0,00552344
0,0102	-0,317974	0,0102	-0,125968	0,0102	0,0101908
0,01022	-0,342437	0,01022	-0,146569	0,01022	0,0079376
0,01024	-0,373016	0,01024	-0,167008	0,01024	0,00713288
0,01026	-0,399733	0,01026	-0,187126	0,01026	0,00600627
0,01028	-0,428703	0,01028	-0,207405	0,01028	0,00487967
0,0103	-0,458799	0,0103	-0,227845	0,0103	0,00665005
0,01032	-0,484711	0,01032	-0,248285	0,01032	0,00294834
0,01034	-0,51014	0,01034	-0,268564	0,01034	0,00327023
0,01036	-0,541846	0,01036	-0,289165	0,01036	0,00423589
0,01038	-0,567114	0,01038	-0,308961	0,01038	0,00423589
0,0104	-0,59367	0,0104	-0,329723	0,0104	0,00681099
0,01042	-0,620709	0,01042	-0,34968	0,01042	0,0105127
0,01044	-0,647103	0,01044	-0,369798	0,01044	0,00681099
0,01046	-0,6772	0,01046	-0,389755	0,01046	0,0079376
0,01048	-0,704077	0,01048	-0,410033	0,01048	0,00552344
0,0105	-0,727736	0,0105	-0,429669	0,0105	0,00552344
0,01052	-0,759925	0,01052	-0,449947	0,01052	0,00665005
0,01054	-0,778594	0,01054	-0,4691	0,01054	0,00954704
0,01056	-0,809495	0,01056	-0,489218	0,01056	0,00504061
0,01058	-0,836534	0,01058	-0,508531	0,01058	0,00568439
0,0106	-0,861641	0,0106	-0,528166	0,0106	0,00552344
0,01062	-0,887875	0,01062	-0,54764	0,01062	0,00584533
0,01064	-0,913948	0,01064	-0,567275	0,01064	0,00842043
0,01066	-0,940182	0,01066	-0,586428	0,01066	0,00697194
0,01068	-0,966415	0,01068	-0,605902	0,01068	0,00359212
0,0107	-0,989591	0,0107	-0,624571	0,0107	0,00504061
0,01072	-1,01727	0,01072	-0,643402	0,01072	0,00455778
0,01074	-1,04125	0,01074	-0,662715	0,01074	0,00922515
0,01076	-1,06572	0,01076	-0,681223	0,01076	0,00117796
0,01078	-1,09662	0,01078	-0,699893	0,01078	0,00584533
0,0108	-1,11625	0,0108	-0,718723	0,0108	0,00439684
0,01082	-1,14281	0,01082	-0,737071	0,01082	0,00552344
0,01084	-1,16084	0,01084	-0,75574	0,01084	0,00632816
0,01086	-1,18755	0,01086	-0,773444	0,01086	0,00681099
0,01088	-1,21153	0,01088	-0,79147	0,01088	0,00665005
0,0109	-1,23761	0,0109	-0,809495	0,0109	0,00761571
0,01092	-1,26094	0,01092	-0,827843	0,01092	0,00954704
0,01094	-1,2838	0,01094	-0,845064	0,01094	0,00665005
0,01096	-1,30568	0,01096	-0,86309	0,01096	0,00761571
0,01098	-1,32838	0,01098	-0,88015	0,01098	0,0027874
0,011	-1,3522	0,011	-0,897692	0,011	0,00166079
0,01102	-1,37521	0,01102	-0,914913	0,01102	0,00343117
0,01104	-1,39581	0,01104	-0,932134	0,01104	0,00520156
0,01106	-1,41641	0,01106	-0,94839	0,01106	0,0053625
0,01108	-1,44345	0,01108	-0,965611	0,01108	0,00552344
0,0111	-1,46582	0,0111	-0,982188	0,0111	0,00504061
0,01112	-1,48465	0,01112	-0,998926	0,01112	0,00230456
0,01114	-1,50542	0,01114	-1,01502	0,01114	0,0079376
0,01116	-1,5273	0,01116	-1,03128	0,01116	0,00117796
0,01118	-1,54774	0,01118	-1,04737	0,01118	0,00439684
0,0112	-1,5714	0,0112	-1,0633	0,0112	0,00166079
0,01122	-1,58878	0,01122	-1,07875	0,01122	0,00455778
0,01124	-1,61582	0,01124	-1,09469	0,01124	0,00504061
0,01126	-1,62886	0,01126	-1,10949	0,01126	0,00198268
0,01128	-1,65075	0,01128	-1,12478	0,01128	0,0121221
0,0113	-1,66749	0,0113	-1,13975	0,0113	0,00487967
0,01132	-1,69114	0,01132	-1,15456	0,01132	0,00343117
0,01134	-1,70772	0,01134	-1,1692	0,01134	0,00359212
0,01136	-1,72382	0,01136	-1,18353	0,01136	0,00890327
0,01138	-1,73492	0,01138	-1,19737	0,01138	0,00520156
0,0114	-1,7626	0,0114	-1,21202	0,0114	-0,000109595
0,01142	-1,77548	0,01142	-1,2257	0,01142	0,00568439
0,01144	-1,79302	0,01144	-1,23889	0,01144	0,00182173
0,01146	-1,81056	0,01146	-1,25273	0,01146	0,00471872
0,01148	-1,82553	0,01148	-1,26609	0,01148	0,00568439
0,0115	-1,84597	0,0115	-1,27913	0,0115	0,00230456
0,01152	-1,86207	0,01152	-1,29233	0,01152	0,00214362
0,01154	-1,88041	0,01154	-1,30472	0,01154	0,00343117
0,01156	-1,89329	0,01156	-1,31727	0,01156	0,000212293
0,01158	-1,90826	0,01158	-1,3295	0,01158	0,00214362
0,0116	-1,92403	0,0116	-1,34174	0,0116	-0,00171903
0,01162	-1,9361	0,01162	-1,35381	0,01162	0,00101701
0,01164	-1,95316	0,01164	-1,36556	0,01164	0,0027874
0,01166	-1,96459	0,01166	-1,37666	0,01166	0,00166079
0,01168	-1,9802	0,01168	-1,38744	0,01168	0,0027874
0,0117	-1,99163	0,0117	-1,39887	0,0117	5,13E-05
0,01172	-2,00627	0,01172	-1,40965	0,01172	0,00294834
0,01174	-2,01995	0,01174	-1,42044	0,01174	0,00294834
0,01176	-2,03251	0,01176	-1,43138	0,01176	0,00262645
0,01178	-2,05005	0,01178	-1,4412	0,01178	0,00117796
0,0118	-2,05874	0,0118	-1,45134	0,0118	0,00375306
0,01182	-2,07306	0,01182	-1,46083	0,01182	-0,00429414
0,01184	-2,07886	0,01184	-1,47017	0,01184	0,000534181
0,01186	-2,09157	0,01186	-1,4795	0,01186	0,00407495
0,01188	-2,10574	0,01188	-1,48868	0,01188	0,0013389
0,0119	-2,11845	0,0119	-1,49705	0,0119	0,00182173
0,01192	-2,1236	0,01192	-1,50574	0,01192	0,00182173
0,01194	-2,13358	0,01194	-1,51411	0,01194	-0,0012362
0,01196	-2,14179	0,01196	-1,52215	0,01196	0,00375306
0,01198	-2,15177	0,01198	-1,52972	0,01198	0,00552344
0,012	-2,15772	0,012	-1,53728	0,012	-0,00220187
0,01202	-2,16689	0,01202	-1,54485	0,01202	0,00182173
0,01204	-2,1751	0,01204	-1,55241	0,01204	-0,00155809
0,01206	-2,18556	0,01206	-1,55885	0,01206	0,000695125
0,01208	-2,19168	0,01208	-1,56561	0,01208	0,00262645
0,0121	-2,19828	0,0121	-1,57205	0,0121	0,00117796
0,01212	-2,20681	0,01212	-1,57816	0,01212	0,00246551
0,01214	-2,21341	0,01214	-1,58412	0,01214	-0,000914315
0,01216	-2,21791	0,01216	-1,58991	0,01216	0,00648911
0,01218	-2,22596	0,01218	-1,5949	0,01218	-0,000753371
0,0122	-2,22757	0,0122	-1,60021	0,0122	0,000856069
0,01222	-2,22837	0,01222	-1,60504	0,01222	0,00439684
0,01224	-2,23529	0,01224	-1,60971	0,01224	-0,00300659
0,01226	-2,2361	0,01226	-1,61389	0,01226	0,00552344
0,01228	-2,24511	0,01228	-1,61808	0,01228	0,000373237
0,0123	-2,24817	0,0123	-1,62194	0,0123	-0,0012362
0,01232	-2,25509	0,01232	-1,62564	0,01232	-0,00316753
0,01234	-2,25461	0,01234	-1,62886	0,01234	-0,00107526
0,01236	-2,25815	0,01236	-1,63224	0,01236	-0,00236281
0,01238	-2,25992	0,01238	-1,63514	0,01238	0,00149984
0,0124	-2,25879	0,0124	-1,63787	0,0124	-0,00316753
0,01242	-2,26652	0,01242	-1,63916	0,01242	0,00230456
0,01244	-2,26813	0,01244	-1,64206	0,01244	-0,000431483
0,01246	-2,26491	0,01246	-1,64383	0,01246	-0,000270539
0,01248	-2,26282	0,01248	-1,6456	0,01248	-0,00332847
0,0125	-2,26475	0,0125	-1,64656	0,0125	0,000534181
0,01252	-2,26249	0,01252	-1,64785	0,01252	-0,00187998
0,01254	-2,26443	0,01254	-1,64833	0,01254	0,00166079
0,01256	-2,26217	0,01256	-1,6493	0,01256	0,000856069
0,01258	-2,25944	0,01258	-1,64898	0,01258	-0,00493791
0,0126	-2,26105	0,0126	-1,64898	0,0126	0,003914
0,01262	-2,25203	0,01262	-1,64833	0,01262	-0,00316753
0,01264	-2,25252	0,01264	-1,64833	0,01264	-0,00815679
0,01266	-2,24688	0,01266	-1,64721	0,01266	-0,0026847
0,01268	-2,24672	0,01268	-1,6464	0,01268	0,000373237
0,0127	-2,24431	0,0127	-1,64495	0,0127	-0,00204092
0,01272	-2,24109	0,01272	-1,64302	0,01272	0,00310928
0,01274	-2,23449	0,01274	-1,64125	0,01274	0,00262645
0,01276	-2,2295	0,01276	-1,63916	0,01276	-0,000109595
0,01278	-2,22612	0,01278	-1,63658	0,01278	-0,00204092
0,0128	-2,21936	0,0128	-1,63401	0,0128	0,000373237
0,01282	-2,21131	0,01282	-1,63047	0,01282	-0,00654735
0,01284	-2,20826	0,01284	-1,62773	0,01284	-0,00155809
0,01286	-2,2023	0,01286	-1,62419	0,01286	-0,00187998
0,01288	-2,1949	0,01288	-1,62049	0,01288	0,00117796
0,0129	-2,18943	0,0129	-1,61631	0,0129	-0,00542074
0,01292	-2,18106	0,01292	-1,61212	0,01292	-0,00187998
0,01294	-2,17011	0,01294	-1,60778	0,01294	-0,000753371
0,01296	-2,16899	0,01296	-1,60295	0,01296	-0,0012362
0,01298	-2,15193	0,01298	-1,59812	0,01298	-0,00187998
0,013	-2,14629	0,013	-1,59265	0,013	-0,00332847
0,01302	-2,13599	0,01302	-1,58653	0,01302	-0,000270539
0,01304	-2,12682	0,01304	-1,58154	0,01304	-0,00348942
0,01306	-2,11893	0,01306	-1,57526	0,01306	-0,00365036
0,01308	-2,10686	0,01308	-1,56915	0,01308	-0,00252375
0,0131	-2,09946	0,0131	-1,56255	0,0131	-0,00316753
0,01312	-2,08819	0,01312	-1,55611	0,01312	-0,00751302
0,01314	-2,07709	0,01314	-1,54903	0,01314	-0,00332847
0,01316	-2,06679	0,01316	-1,54163	0,01316	-0,00429414
0,01318	-2,05504	0,01318	-1,53422	0,01318	-0,00284564
0,0132	-2,04216	0,0132	-1,5265	0,0132	-0,00204092
0,01322	-2,02961	0,01322	-1,51845	0,01322	-0,00204092
0,01324	-2,01577	0,01324	-1,51057	0,01324	-0,00348942
0,01326	-2,00032	0,01326	-1,50171	0,01326	-0,0026847
0,01328	-1,98921	0,01328	-1,49351	0,01328	-0,00284564
0,0133	-1,97585	0,0133	-1,48449	0,0133	-0,00461603
0,01332	-1,96153	0,01332	-1,47532	0,01332	-0,00815679
0,01334	-1,94833	0,01334	-1,46614	0,01334	-0,0092834
0,01336	-1,92838	0,01336	-1,45617	0,01336	-0,00558169
0,01338	-1,91936	0,01338	-1,44667	0,01338	-0,00284564
0,0134	-1,90037	0,0134	-1,43669	0,0134	-0,00332847
0,01342	-1,88572	0,01342	-1,42607	0,01342	-0,00703018
0,01344	-1,8714	0,01344	-1,41593	0,01344	-0,00445508
0,01346	-1,85595	0,01346	-1,40531	0,01346	-0,0052598
0,01348	-1,83921	0,01348	-1,3942	0,01348	-0,000753371
0,0135	-1,81797	0,0135	-1,3831	0,0135	-0,00381131
0,01352	-1,80493	0,01352	-1,37183	0,01352	-0,00300659
0,01354	-1,79254	0,01354	-1,36024	0,01354	-0,00863962
0,01356	-1,7721	0,01356	-1,3485	0,01356	-0,00204092
0,01358	-1,74812	0,01358	-1,33642	0,01358	-0,00590358
0,0136	-1,73379	0,0136	-1,32484	0,0136	-0,00381131
0,01362	-1,714	0,01362	-1,3118	0,01362	-0,00445508
0,01364	-1,69533	0,01364	-1,29941	0,01364	-0,00477697
0,01366	-1,67762	0,01366	-1,28701	0,01366	-0,0078349
0,01368	-1,65541	0,01368	-1,2743	0,01368	-0,00622546
0,0137	-1,63916	0,0137	-1,26078	0,0137	-0,00654735
0,01372	-1,62146	0,01372	-1,24742	0,01372	-0,00461603
0,01374	-1,59908	0,01374	-1,23406	0,01374	-0,00751302
0,01376	-1,58428	0,01376	-1,22038	0,01376	-0,00252375
0,01378	-1,55885	0,01378	-1,2067	0,01378	-0,00493791
0,0138	-1,53696	0,0138	-1,19222	0,0138	-0,00574263
0,01382	-1,51942	0,01382	-1,17806	0,01382	-0,00348942
0,01384	-1,49672	0,01384	-1,16389	0,01384	-0,00558169
0,01386	-1,47516	0,01386	-1,14909	0,01386	-0,00477697
0,01388	-1,45552	0,01388	-1,13444	0,01388	-0,00622546
0,0139	-1,43219	0,0139	-1,11931	0,0139	-0,00445508
0,01392	-1,40804	0,01392	-1,10418	0,01392	-0,00638641
0,01394	-1,38696	0,01394	-1,08873	0,01394	-0,00397225
0,01396	-1,36475	0,01396	-1,07328	0,01396	-0,00445508
0,01398	-1,34254	0,01398	-1,05735	0,01398	-0,00381131
0,014	-1,32274	0,014	-1,0419	0,014	-0,00348942
0,01402	-1,29683	0,01402	-1,02548	0,01402	-0,00477697
0,01404	-1,2714	0,01404	-1,00939	0,01404	-0,00171903
0,01406	-1,24565	0,01406	-0,993132	0,01406	-0,00767396
0,01408	-1,22232	0,01408	-0,976233	0,01408	-0,00767396
0,0141	-1,19962	0,0141	-0,960139	0,0141	-0,00493791
0,01412	-1,1787	0,01412	-0,9434	0,01412	-0,00686924
0,01414	-1,15408	0,01414	-0,92634	0,01414	-0,00863962
0,01416	-1,13315	0,01416	-0,909441	0,01416	-0,0092834
0,01418	-1,10434	0,01418	-0,892059	0,01418	-0,00686924
0,0142	-1,0765	0,0142	-0,874839	0,0142	-0,00703018
0,01422	-1,05606	0,01422	-0,857618	0,01422	-0,00220187
0,01424	-1,03015	0,01424	-0,839914	0,01424	-0,00606452
0,01426	-1,00923	0,01426	-0,822371	0,01426	-0,00896151
0,01428	-0,980739	0,01428	-0,804023	0,01428	-0,00590358
0,0143	-0,952896	0,0143	-0,78632	0,0143	-0,00799585
0,01432	-0,928916	0,01432	-0,768455	0,01432	-0,00477697
0,01434	-0,903165	0,01434	-0,750268	0,01434	-0,00735207
0,01436	-0,873551	0,01436	-0,73176	0,01436	-0,00863962
0,01438	-0,852628	0,01438	-0,712929	0,01438	-0,00960529
0,0144	-0,820118	0,0144	-0,694743	0,0144	-0,00815679
0,01442	-0,794689	0,01442	-0,676073	0,01442	-0,00445508
0,01444	-0,769581	0,01444	-0,657243	0,01444	-0,00558169
0,01446	-0,741416	0,01446	-0,638412	0,01446	-0,0067083
0,01448	-0,71985	0,01448	-0,619582	0,01448	-0,00751302
0,0145	-0,689592	0,0145	-0,600108	0,0145	-0,0067083
0,01452	-0,662232	0,01452	-0,580956	0,01452	-0,00751302
0,01454	-0,636803	0,01454	-0,561803	0,01454	-0,00606452
0,01456	-0,613466	0,01456	-0,54249	0,01456	-0,00976623
0,01458	-0,583531	0,01458	-0,523016	0,01458	-0,00863962
0,0146	-0,555044	0,0146	-0,503703	0,0146	-0,00703018
0,01462	-0,525591	0,01462	-0,483907	0,01462	-0,00686924
0,01464	-0,500645	0,01464	-0,464432	0,01464	-0,00429414
0,01466	-0,473767	0,01466	-0,443993	0,01466	-0,00831774
0,01468	-0,440613	0,01468	-0,424518	0,01468	-0,00622546
0,0147	-0,415506	0,0147	-0,404883	0,0147	-0,00348942
0,01472	-0,385087	0,01472	-0,384443	0,01472	-0,00751302
0,01474	-0,359497	0,01474	-0,364486	0,01474	-0,00622546
0,01476	-0,333102	0,01476	-0,344368	0,01476	-0,00976623
0,01478	-0,306064	0,01478	-0,32425	0,01478	-0,00542074
0,0148	-0,274841	0,0148	-0,304454	0,0148	-0,00381131
0,01482	-0,245227	0,01482	-0,283854	0,01482	-0,00638641
0,01484	-0,217867	0,01484	-0,263736	0,01484	-0,00767396
0,01486	-0,192438	0,01486	-0,243296	0,01486	-0,00960529
0,01488	-0,164272	0,01488	-0,223178	0,01488	-0,00558169
0,0149	-0,139165	0,0149	-0,202416	0,0149	-0,00654735
0,01492	-0,105689	0,01492	-0,182459	0,01492	-0,0052598
0,01494	-0,0807425	0,01494	-0,161375	0,01494	-0,00558169
0,01496	-0,0508069	0,01496	-0,14174	0,01496	-0,00960529
0,01498	-0,0229636	0,01498	-0,120978	0,01498	-0,0067083
0,015	0,00906421	0,015	-0,101021	0,015	-0,00493791
0,01502	0,0343324	0,01502	-0,0802597	0,01502	-0,00992717
0,01504	0,0586349	0,01504	-0,0603026	0,01504	-0,0112147
0,01506	0,0868001	0,01506	-0,0398627	0,01506	-0,00960529
0,01508	0,118828	0,01508	-0,0195838	0,01508	-0,00703018
0,0151	0,147798	0,0151	0,00117796	0,0151	-0,0092834
0,01512	0,175641	0,01512	0,021135	0,01512	-0,00686924
0,01514	0,1993	0,01514	0,0420577	0,01514	-0,0078349
0,01516	0,227948	0,01516	0,0621757	0,01516	-0,00831774
0,01518	0,260459	0,01518	0,0827765	0,01518	-0,00606452
0,0152	0,288624	0,0152	0,103055	0,0152	-0,0078349
0,01522	0,316306	0,01522	0,123495	0,01522	-0,00686924
0,01524	0,335781	0,01524	0,143935	0,01524	-0,00831774
0,01526	0,369096	0,01526	0,164214	0,01526	-0,00944434
0,01528	0,390985	0,01528	0,184815	0,01528	-0,0078349
0,0153	0,422852	0,0153	0,205416	0,0153	-0,00799585
0,01532	0,453431	0,01532	0,225695	0,01532	-0,00397225
0,01534	0,480631	0,01534	0,246135	0,01534	-0,00542074
0,01536	0,508152	0,01536	0,266092	0,01536	-0,00365036
0,01538	0,536317	0,01538	0,286049	0,01538	-0,00348942
0,0154	0,565126	0,0154	0,306006	0,0154	-0,00847868
0,01542	0,594579	0,01542	0,326768	0,01542	-0,00880057
0,01544	0,617594	0,01544	0,346886	0,01544	-0,00638641
0,01546	0,647047	0,01546	0,366682	0,01546	-0,00429414
0,01548	0,671028	0,01548	0,3868	0,01548	-0,00638641
0,0155	0,699032	0,0155	0,406757	0,0155	-0,0052598
0,01552	0,723496	0,01552	0,426392	0,01552	-0,00558169
0,01554	0,751017	0,01554	0,44651	0,01554	-0,00638641
0,01556	0,776769	0,01556	0,465824	0,01556	-0,01041
0,01558	0,803807	0,01558	0,485781	0,01558	-0,0108928
0,0156	0,833421	0,0156	0,505094	0,0156	-0,00590358
0,01562	0,860621	0,01562	0,524729	0,01562	-0,00445508
0,01564	0,887177	0,01564	0,543882	0,01564	-0,00703018
0,01566	0,910353	0,01566	0,563195	0,01566	-0,00558169
0,01568	0,934334	0,01568	0,582187	0,01568	-0,0078349
0,0157	0,956061	0,0157	0,601822	0,0157	-0,00976623
0,01572	0,989699	0,01572	0,62033	0,01572	-0,00397225
0,01574	1,00644	0,01574	0,639805	0,01574	-0,00751302
0,01576	1,03525	0,01576	0,657991	0,01576	-0,00477697
0,01578	1,05665	0,01578	0,676983	0,01578	-0,00686924
0,0158	1,08514	0,0158	0,695652	0,0158	-0,00606452
0,01582	1,1096	0,01582	0,714161	0,01582	-0,00638641
0,01584	1,13793	0,01584	0,732348	0,01584	-0,00445508
0,01586	1,16159	0,01586	0,750696	0,01586	-0,00542074
0,01588	1,18219	0,01588	0,768882	0,01588	-0,00477697
0,0159	1,20553	0,0159	0,787069	0,0159	-0,0107319
0,01592	1,23273	0,01592	0,804612	0,01592	-0,00799585
0,01594	1,25558	0,01594	0,822799	0,01594	-0,0078349
0,01596	1,27747	0,01596	0,84002	0,01596	-0,00461603
0,01598	1,2992	0,01598	0,857402	0,01598	-0,00896151
0,016	1,31948	0,016	0,874784	0,016	-0,00703018
0,01602	1,34668	0,01602	0,892005	0,01602	-0,00558169
0,01604	1,36969	0,01604	0,909548	0,01604	-0,00493791
0,01606	1,3911	0,01606	0,925804	0,01606	-0,00477697
0,01608	1,40832	0,01608	0,943025	0,01608	-0,0067083
0,0161	1,436	0,0161	0,959924	0,0161	-0,00542074
0,01612	1,45676	0,01612	0,97634	0,01612	-0,00461603
0,01614	1,47994	0,01614	0,993079	0,01614	-0,00606452
0,01616	1,49426	0,01616	1,00901	0,01616	-0,00300659
0,01618	1,51808	0,01618	1,02511	0,01618	-0,00847868
0,0162	1,54094	0,0162	1,04088	0,0162	-0,00815679
0,01622	1,56025	0,01622	1,05649	0,01622	-0,00461603
0,01624	1,57747	0,01624	1,07194	0,01624	-0,0067083
0,01626	1,60145	0,01626	1,08707	0,01626	-0,00332847
0,01628	1,61964	0,01628	1,10268	0,01628	-0,00638641
0,0163	1,63622	0,0163	1,11733	0,0163	-0,00767396
0,01632	1,65666	0,01632	1,13214	0,01632	-0,0067083
0,01634	1,67645	0,01634	1,14678	0,01634	-0,00509886
0,01636	1,69384	0,01636	1,16094	0,01636	-0,00509886
0,01638	1,708	0,01638	1,17559	0,01638	-0,0067083
0,0164	1,73278	0,0164	1,18959	0,0164	-0,00332847
0,01642	1,7463	0,01642	1,20359	0,01642	-0,00284564
0,01644	1,76932	0,01644	1,21711	0,01644	-0,00220187
0,01646	1,7867	0,01646	1,23079	0,01646	-0,000109595
0,01648	1,79588	0,01648	1,24415	0,01648	-0,00493791
0,0165	1,81487	0,0165	1,25719	0,0165	-0,00622546
0,01652	1,82903	0,01652	1,27007	0,01652	-0,00107526
0,01654	1,84593	0,01654	1,28262	0,01654	-0,0026847
0,01656	1,86219	0,01656	1,29533	0,01656	-0,00236281
0,01658	1,88214	0,01658	1,30757	0,01658	-0,0067083
0,0166	1,89357	0,0166	1,31964	0,0166	-0,00831774
0,01662	1,90757	0,01662	1,33155	0,01662	-0,00445508
0,01664	1,92592	0,01664	1,3433	0,01664	-0,00284564
0,01666	1,93687	0,01666	1,35472	0,01666	-0,00139715
0,01668	1,95167	0,01668	1,36583	0,01668	-0,00187998
0,0167	1,96358	0,0167	1,37726	0,0167	-0,00638641
0,01672	1,97598	0,01672	1,38739	0,01672	-0,0052598
0,01674	1,99513	0,01674	1,39866	0,01674	-0,00187998
0,01676	2,00269	0,01676	1,4088	0,01676	-0,00622546
0,01678	2,01492	0,01678	1,41942	0,01678	5,13E-05
0,0168	2,02941	0,0168	1,42908	0,0168	-0,00429414
0,01682	2,03891	0,01682	1,43906	0,01682	-0,00139715
0,01684	2,05613	0,01684	1,44823	0,01684	-0,000914315
0,01686	2,0616	0,01686	1,45789	0,01686	-0,00171903
0,01688	2,07367	0,01688	1,46642	0,01688	-0,00413319
0,0169	2,08461	0,0169	1,47511	0,0169	-0,0012362
0,01692	2,09154	0,01692	1,48348	0,01692	-0,00461603
0,01694	2,10151	0,01694	1,49201	0,01694	-0,00220187
0,01696	2,10827	0,01696	1,50038	0,01696	-0,00381131
0,01698	2,11616	0,01698	1,50762	0,01698	-0,00236281
0,017	2,12936	0,017	1,51535	0,017	-0,00365036
0,01702	2,13982	0,01702	1,52291	0,01702	-0,00477697
0,01704	2,14304	0,01704	1,52951	0,01704	-0,000592427
0,01706	2,15575	0,01706	1,53675	0,01706	0,000856069
0,01708	2,1609	0,01708	1,54351	0,01708	-0,000270539
0,0171	2,1638	0,0171	1,54963	0,0171	-0,00445508
0,01712	2,17314	0,01712	1,55574	0,01712	-0,00461603
0,01714	2,18022	0,01714	1,56154	0,01714	0,00101701
0,01716	2,18376	0,01716	1,56717	0,01716	-0,0012362
0,01718	2,19261	0,01718	1,5728	0,01718	-0,00493791
0,0172	2,19438	0,0172	1,57779	0,0172	0,000373237
0,01722	2,2005	0,01722	1,58278	0,01722	-0,00155809
0,01724	2,20452	0,01724	1,58697	0,01724	0,00214362
0,01726	2,20887	0,01726	1,59115	0,01726	-0,00139715
0,01728	2,21225	0,01728	1,59566	0,01728	0,00166079
0,0173	2,21579	0,0173	1,5992	0,0173	-0,00139715
0,01732	2,22045	0,01732	1,60274	0,01732	5,13E-05
0,01734	2,2256	0,01734	1,60596	0,01734	-0,000431483
0,01736	2,22448	0,01736	1,60902	0,01736	-0,00204092
0,01738	2,23043	0,01738	1,61175	0,01738	5,13E-05
0,0174	2,22689	0,0174	1,61465	0,0174	0,00101701
0,01742	2,22737	0,01742	1,6169	0,01742	-0,00381131
0,01744	2,23252	0,01744	1,61916	0,01744	0,000212293
0,01746	2,23092	0,01746	1,62077	0,01746	5,13E-05
0,01748	2,2314	0,01748	1,62238	0,01748	-0,00300659
0,0175	2,23092	0,0175	1,6235	0,0175	-0,00413319
0,01752	2,22947	0,01752	1,62479	0,01752	-0,000753371
0,01754	2,23269	0,01754	1,62559	0,01754	-0,00107526
0,01756	2,23108	0,01756	1,62592	0,01756	-0,00204092
0,01758	2,22432	0,01758	1,62592	0,01758	0,0013389
0,0176	2,22786	0,0176	1,62608	0,0176	-0,00171903
0,01762	2,22303	0,01762	1,62576	0,01762	0,0013389
0,01764	2,22158	0,01764	1,62495	0,01764	0,00359212
0,01766	2,21691	0,01766	1,62415	0,01766	0,00487967
0,01768	2,21643	0,01768	1,62302	0,01768	0,000212293
0,0177	2,21241	0,0177	1,62189	0,0177	-0,000753371
0,01772	2,20806	0,01772	1,61996	0,01772	0,00214362
0,01774	2,20452	0,01774	1,61835	0,01774	0,00166079
0,01776	2,20339	0,01776	1,61594	0,01776	0,000373237
0,01778	2,19164	0,01778	1,61368	0,01778	0,00198268
0,0178	2,18665	0,0178	1,61079	0,0178	-0,00171903
0,01782	2,18279	0,01782	1,60821	0,01782	0,00230456
0,01784	2,17812	0,01784	1,60467	0,01784	-0,000914315
0,01786	2,17153	0,01786	1,60129	0,01786	0,00568439
0,01788	2,16203	0,01788	1,59743	0,01788	0,000212293
0,0179	2,15044	0,0179	1,59357	0,0179	0,00359212
0,01792	2,15044	0,01792	1,5889	0,01792	0,000212293
0,01794	2,14256	0,01794	1,58471	0,01794	-0,000592427
0,01796	2,13274	0,01796	1,57973	0,01796	0,000212293
0,01798	2,12405	0,01798	1,57506	0,01798	0,0013389
0,018	2,11375	0,018	1,56942	0,018	0,000695125
0,01802	2,10361	0,01802	1,56444	0,01802	5,13E-05
0,01804	2,09524	0,01804	1,55816	0,01804	-0,0026847
0,01806	2,08622	0,01806	1,55253	0,01806	0,00552344
0,01808	2,07946	0,01808	1,54593	0,01808	0,0013389
0,0181	2,06369	0,0181	1,53981	0,0181	0,00343117
0,01812	2,05661	0,01812	1,53257	0,01812	0,00455778
0,01814	2,04325	0,01814	1,52613	0,01814	-0,000914315
0,01816	2,03054	0,01816	1,51824	0,01816	0,00117796
0,01818	2,02185	0,01818	1,51084	0,01818	0,00262645
0,0182	2,00672	0,0182	1,50344	0,0182	0,000212293
0,01822	1,99722	0,01822	1,49587	0,01822	0,00182173
0,01824	1,97903	0,01824	1,4875	0,01824	-0,000109595
0,01826	1,97211	0,01826	1,47913	0,01826	0,00648911
0,01828	1,95714	0,01828	1,47028	0,01828	-0,00155809
0,0183	1,9462	0,0183	1,46159	0,0183	0,000373237
0,01832	1,92447	0,01832	1,45226	0,01832	0,00455778
0,01834	1,91256	0,01834	1,44292	0,01834	0,00520156
0,01836	1,90291	0,01836	1,43343	0,01836	0,00327023
0,01838	1,8889	0,01838	1,42329	0,01838	0,00552344
0,0184	1,87023	0,0184	1,41299	0,0184	0,00198268
0,01842	1,85704	0,01842	1,40268	0,01842	0,00375306
0,01844	1,83692	0,01844	1,39238	0,01844	0,00117796
0,01846	1,82485	0,01846	1,38176	0,01846	0,00487967
0,01848	1,80521	0,01848	1,37098	0,01848	0,00600627
0,0185	1,78815	0,0185	1,36019	0,0185	0,00471872
0,01852	1,77061	0,01852	1,34877	0,01852	0,00343117
0,01854	1,75371	0,01854	1,33702	0,01854	0,00149984
0,01856	1,73777	0,01856	1,32543	0,01856	0,00182173
0,01858	1,71766	0,01858	1,31336	0,01858	0,00230456
0,0186	1,7043	0,0186	1,30129	0,0186	0,00761571
0,01862	1,68563	0,01862	1,2889	0,01862	0,00632816
0,01864	1,66631	0,01864	1,27602	0,01864	0,00487967
0,01866	1,64829	0,01866	1,26331	0,01866	0,003914
0,01868	1,62624	0,01868	1,25059	0,01868	0,00520156
0,0187	1,60918	0,0187	1,23739	0,0187	0,003914
0,01872	1,58906	0,01872	1,22387	0,01872	0,0027874
0,01874	1,56717	0,01874	1,21052	0,01874	0,00343117
0,01876	1,55108	0,01876	1,19651	0,01876	0,00230456
0,01878	1,52806	0,01878	1,18283	0,01878	0,00343117
0,0188	1,5081	0,0188	1,16835	0,0188	0,00262645
0,01882	1,48444	0,01882	1,15418	0,01882	0,00568439
0,01884	1,46256	0,01884	1,1397	0,01884	0,00214362
0,01886	1,44485	0,01886	1,12489	0,01886	0,00439684
0,01888	1,42377	0,01888	1,11009	0,01888	0,00343117
0,0189	1,39834	0,0189	1,09544	0,0189	0,00246551
0,01892	1,37677	0,01892	1,08015	0,01892	0,000695125
0,01894	1,3544	0,01894	1,06486	0,01894	0,00439684
0,01896	1,3338	0,01896	1,04893	0,01896	0,00101701
0,01898	1,3103	0,01898	1,03348	0,01898	0,0100299
0,019	1,29018	0,019	1,01706	0,019	0,00600627
0,01902	1,26572	0,01902	1,00161	0,01902	0,00471872
0,01904	1,24126	0,01904	0,985031	0,01904	0,00375306
0,01906	1,2242	0,01906	0,968615	0,01906	0,00552344
0,01908	1,19185	0,01908	0,952038	0,01908	0,00407495
0,0191	1,16352	0,0191	0,935621	0,0191	0,00632816
0,01912	1,14887	0,01912	0,918239	0,01912	0,00632816
0,01914	1,12216	0,01914	0,901823	0,01914	0,00648911
0,01916	1,09399	0,01916	0,884602	0,01916	0,000212293
0,01918	1,06534	0,01918	0,867381	0,01918	0,00310928
0,0192	1,04313	0,0192	0,849838	0,0192	0,00842043
0,01922	1,02253	0,01922	0,832616	0,01922	0,00471872
0,01924	0,997424	0,01924	0,815073	0,01924	0,00616722
0,01926	0,970063	0,01926	0,797209	0,01926	0,00745477
0,01928	0,942059	0,01928	0,779344	0,01928	0,00359212
0,0193	0,922102	0,0193	0,761157	0,0193	0,0079376
0,01932	0,893132	0,01932	0,74297	0,01932	0,0027874
0,01934	0,866093	0,01934	0,724944	0,01934	0,00504061
0,01936	0,845814	0,01936	0,706758	0,01936	0,00745477
0,01938	0,818775	0,01938	0,688249	0,01938	0,00487967
0,0194	0,788357	0,0194	0,669418	0,0194	0,0053625
0,01942	0,762123	0,01942	0,65091	0,01942	0,00262645
0,01944	0,736532	0,01944	0,632079	0,01944	0,00439684
0,01946	0,709333	0,01946	0,612766	0,01946	0,00455778
0,01948	0,683582	0,01948	0,593935	0,01948	0,00455778
0,0195	0,657509	0,0195	0,574944	0,0195	0,0100299
0,01952	0,631275	0,01952	0,555792	0,01952	0,0109955
0,01954	0,602144	0,01954	0,536639	0,01954	0,00825949
0,01956	0,573335	0,01956	0,517326	0,01956	0,00552344
0,01958	0,544686	0,01958	0,497852	0,01958	0,00697194
0,0196	0,516521	0,0196	0,478216	0,0196	0,00906421
0,01962	0,494472	0,01962	0,45842	0,01962	0,00842043
0,01964	0,465019	0,01964	0,438624	0,01964	0,00713288
0,01966	0,430899	0,01966	0,418667	0,01966	0,00584533
0,01968	0,407079	0,01968	0,398871	0,01968	0,00504061
0,0197	0,382455	0,0197	0,379075	0,0197	0,00584533
0,01972	0,351231	0,01972	0,359118	0,01972	0,0027874
0,01974	0,327573	0,01974	0,339	0,01974	0,00375306
0,01976	0,296027	0,01976	0,319042	0,01976	0,00616722
0,01978	0,269794	0,01978	0,298603	0,01978	0,003914
0,0198	0,242594	0,0198	0,278806	0,0198	0,00327023
0,01982	0,215073	0,01982	0,258527	0,01982	0,00697194
0,01984	0,181757	0,01984	0,237927	0,01984	0,0053625
0,01986	0,154397	0,01986	0,218131	0,01986	0,0079376
0,01988	0,124461	0,01988	0,197369	0,01988	0,00681099
0,0199	0,103699	0,0199	0,177251	0,0199	0,00310928
0,01992	0,0742465	0,01992	0,156972	0,01992	0,00713288
0,01994	0,0460813	0,01994	0,136693	0,01994	0,00471872
0,01996	0,0134097	0,01996	0,115931	0,01996	0,0053625
0,01998	-0,0113757	0,01998	0,0956521	0,01998	0,00600627
