Time - V_C	Amplitude - V_C	Time - V_R	Amplitude - V_R	Time - V_S	Amplitude - V_S
0	-0,00847868	0	-0,512876	0	-0,360141
3,30E-06	0,242111	3,30E-06	-0,490183	3,30E-06	-0,361911
6,60E-06	0,493345	6,60E-06	-0,462179	6,60E-06	-0,360624
9,90E-06	0,740395	9,90E-06	-0,429186	9,90E-06	-0,356278
1,32E-05	0,980686	1,32E-05	-0,391686	1,32E-05	-0,343403
1,65E-05	1,20633	1,65E-05	-0,350323	1,65E-05	-0,333585
1,98E-05	1,42296	1,98E-05	-0,305259	1,98E-05	-0,317652
2,31E-05	1,62205	2,31E-05	-0,256815	2,31E-05	-0,294154
2,64E-05	1,80103	2,64E-05	-0,206118	2,64E-05	-0,269208
2,97E-05	1,96535	2,97E-05	-0,153167	2,97E-05	-0,238306
3,30E-05	2,1065	3,30E-05	-0,099251	3,30E-05	-0,214004
3,63E-05	2,2285	3,63E-05	-0,0438863	3,63E-05	-0,178596
3,96E-05	2,32072	3,96E-05	0,0116393	3,96E-05	-0,147212
4,29E-05	2,38671	4,29E-05	0,0660384	4,29E-05	-0,114541
4,62E-05	2,43387	4,62E-05	0,120116	4,62E-05	-0,0754313
4,95E-05	2,44868	4,95E-05	0,172905	4,95E-05	-0,0379314
5,28E-05	2,4416	5,28E-05	0,223442	5,28E-05	-0,0012362
5,61E-05	2,40136	5,61E-05	0,271242	5,61E-05	0,0365856
5,94E-05	2,34116	5,94E-05	0,316628	5,94E-05	0,0719933
6,27E-05	2,25313	6,27E-05	0,357669	6,27E-05	0,107079
6,60E-05	2,14095	6,60E-05	0,39533	6,60E-05	0,14297
6,93E-05	2,00849	6,93E-05	0,428324	6,93E-05	0,178377
7,26E-05	1,84931	7,26E-05	0,457294	7,26E-05	0,20944
7,59E-05	1,67533	7,59E-05	0,481113	7,59E-05	0,238892
7,92E-05	1,48058	7,92E-05	0,499783	7,92E-05	0,267379
8,25E-05	1,26669	8,25E-05	0,512819	8,25E-05	0,287819
8,58E-05	1,04136	8,58E-05	0,519901	8,58E-05	0,310995
8,91E-05	0,807509	8,91E-05	0,522154	8,91E-05	0,32886
9,24E-05	0,559976	9,24E-05	0,518131	9,24E-05	0,343184
9,57E-05	0,30842	9,57E-05	0,507669	9,57E-05	0,354128
9,90E-05	0,0547723	9,90E-05	0,49254	9,90E-05	0,357186
0,000102	-0,194208	0,000102	0,471135	0,000102	0,364912
0,000106	-0,454132	0,000106	0,44474	0,000106	0,362658
0,000109	-0,700054	0,000109	0,413195	0,000109	0,357025
0,000112	-0,940343	0,000112	0,377143	0,000112	0,347208
0,000115	-1,16824	0,000115	0,336746	0,000115	0,333045
0,000119	-1,39259	0,000119	0,29313	0,000119	0,321296
0,000122	-1,59297	0,000122	0,245813	0,000122	0,303431
0,000125	-1,78111	0,000125	0,195759	0,000125	0,275266
0,000129	-1,94753	0,000129	0,143613	0,000129	0,255148
0,000132	-2,09994	0,000132	0,0898581	0,000132	0,222637
0,000135	-2,22226	0,000135	0,0352981	0,000135	0,189322
0,000139	-2,32462	0,000139	-0,0200666	0,000139	0,157294
0,000142	-2,39914	0,000142	-0,0751095	0,000142	0,123495
0,000145	-2,45321	0,000145	-0,129348	0,000145	0,0887315
0,000148	-2,48138	0,000148	-0,18262	0,000148	0,0525191
0,000152	-2,47671	0,000152	-0,2338	0,000152	0,00681099
0,000155	-2,4479	0,000155	-0,282566	0,000155	-0,0261825
0,000158	-2,39302	0,000158	-0,328596	0,000158	-0,0631996
0,000162	-2,31432	0,000162	-0,371246	0,000162	-0,101504
0,000165	-2,20906	0,000165	-0,410033	0,000165	-0,13321
0,000168	-2,0787	0,000168	-0,444314	0,000168	-0,170388
0,000172	-1,92902	0,000172	-0,474733	0,000172	-0,200485
0,000175	-1,76148	0,000175	-0,499679	0,000175	-0,231708
0,000178	-1,57188	0,000178	-0,519475	0,000178	-0,260839
0,000181	-1,36942	0,000181	-0,534443	0,000181	-0,28498
0,000185	-1,1441	0,000185	-0,543295	0,000185	-0,306225
0,000188	-0,914431	0,000188	-0,546836	0,000188	-0,324411
0,000191	-0,670118	0,000191	-0,544421	0,000191	-0,340184
0,000195	-0,418885	0,000195	-0,536213	0,000195	-0,351611
0,000198	-0,166687	0,000198	-0,521889	0,000198	-0,359336
0,000201	0,087122	0,000201	-0,502737	0,000201	-0,361428
0,000205	0,338678	0,000205	-0,47763	0,000205	-0,363199
0,000208	0,592648	0,000208	-0,447855	0,000208	-0,358692
0,000211	0,836157	0,000211	-0,413252	0,000211	-0,353059
0,000214	1,07242	0,000214	-0,373982	0,000214	-0,345495
0,000218	1,29437	0,000218	-0,331171	0,000218	-0,32425
0,000221	1,50392	0,000221	-0,284819	0,000221	-0,310087
0,000224	1,69464	0,000224	-0,235731	0,000224	-0,284175
0,000228	1,86991	0,000228	-0,183907	0,000228	-0,260034
0,000231	2,02571	0,000231	-0,130635	0,000231	-0,233317
0,000234	2,15527	0,000234	-0,0757532	0,000234	-0,200646
0,000238	2,25956	0,000238	-0,0207104	0,000238	-0,168135
0,000241	2,34953	0,000241	0,0343324	0,000241	-0,133371
0,000244	2,40587	0,000244	0,0888924	0,000244	-0,099412
0,000247	2,4416	0,000247	0,142487	0,000247	-0,062073
0,000251	2,45254	0,000251	0,19415	0,000251	-0,0228027
0,000254	2,42663	0,000254	0,243721	0,000254	0,0129269
0,000257	2,38205	0,000257	0,290716	0,000257	0,052841
0,000261	2,30994	0,000261	0,333849	0,000261	0,0863173
0,000264	2,21208	0,000264	0,374085	0,000264	0,124139
0,000267	2,08703	0,000267	0,410137	0,000267	0,158259
0,000271	1,94829	0,000271	0,442004	0,000271	0,190287
0,000274	1,783	0,000274	0,468077	0,000274	0,222315
0,000277	1,59743	0,000277	0,489965	0,000277	0,248388
0,00028	1,39625	0,00028	0,506221	0,00028	0,278485
0,000284	1,18058	0,000284	0,517004	0,000284	0,300856
0,000287	0,952038	0,000287	0,522315	0,000287	0,317111
0,00029	0,710942	0,00029	0,521671	0,00029	0,334332
0,000294	0,465663	0,000294	0,515395	0,000294	0,346081
0,000297	0,210888	0,000297	0,503002	0,000297	0,355416
0,0003	-0,0469443	0,0003	0,484976	0,0003	0,360888
0,000304	-0,299948	0,000304	0,461961	0,000304	0,361049
0,000307	-0,549572	0,000307	0,433474	0,000307	0,362497
0,00031	-0,794206	0,00031	0,399997	0,00031	0,351875
0,000313	-1,03643	0,000313	0,362337	0,000313	0,344472
0,000317	-1,2603	0,000317	0,32033	0,000317	0,328699
0,00032	-1,4729	0,00032	0,274944	0,00032	0,306972
0,000323	-1,66958	0,000323	0,2265	0,000323	0,291199
0,000327	-1,84903	0,000327	0,175802	0,000327	0,271403
0,00033	-2,01335	0,00033	0,122691	0,00033	0,239214
0,000333	-2,14903	0,000333	0,0684525	0,000333	0,213463
0,000337	-2,26314	0,000337	0,0135706	0,000337	0,179343
0,00034	-2,35472	0,00034	-0,0417941	0,00034	0,145706
0,000343	-2,43165	0,000343	-0,096515	0,000343	0,109976
0,000346	-2,46641	0,000346	-0,15027	0,000346	0,0684525
0,00035	-2,47623	0,00035	-0,202899	0,00035	0,035459
0,000353	-2,47076	0,000353	-0,252952	0,000353	-0,00171903
0,000356	-2,43149	0,000356	-0,300753	0,000356	-0,0401846
0,00036	-2,36759	0,00036	-0,345495	0,00036	-0,0778455
0,000363	-2,27746	0,000363	-0,386697	0,000363	-0,113897
0,000366	-2,1648	0,000366	-0,423553	0,000366	-0,151397
0,00037	-2,02623	0,00037	-0,456546	0,00037	-0,182781
0,000373	-1,86995	0,000373	-0,48455	0,000373	-0,211107
0,000376	-1,6868	0,000376	-0,507404	0,000376	-0,239916
0,000379	-1,49109	0,000379	-0,525913	0,000379	-0,269047
0,000383	-1,27929	0,000383	-0,537984	0,000383	-0,289487
0,000386	-1,05445	0,000386	-0,545065	0,000386	-0,309444
0,000389	-0,817704	0,000389	-0,546031	0,000389	-0,330688
0,000393	-0,571943	0,000393	-0,541685	0,000393	-0,345495
0,000396	-0,320549	0,000396	-0,531063	0,000396	-0,35483
0,000399	-0,064809	0,000399	-0,514647	0,000399	-0,363682
0,000403	0,189	0,000403	-0,493241	0,000403	-0,362394
0,000406	0,439107	0,000406	-0,466203	0,000406	-0,363038
0,000409	0,689054	0,000409	-0,434497	0,000409	-0,355474
0,000412	0,92693	0,000412	-0,397963	0,000412	-0,347587
0,000416	1,15933	0,000416	-0,357566	0,000416	-0,335677
0,000419	1,37726	0,000419	-0,312823	0,000419	-0,317491
0,000422	1,57924	0,000422	-0,265506	0,000422	-0,299304
0,000426	1,76385	0,000426	-0,215292	0,000426	-0,274036
0,000429	1,93445	0,000429	-0,162985	0,000429	-0,249894
0,000432	2,0785	0,000432	-0,108908	0,000432	-0,221729
0,000436	2,20275	0,000436	-0,0543477	0,000436	-0,193081
0,000439	2,30109	0,000439	0,000856069	0,000439	-0,157191
0,000442	2,37303	0,000442	0,0560598	0,000442	-0,122749
0,000445	2,42454	0,000445	0,110137	0,000445	-0,0854099
0,000449	2,44771	0,000449	0,16341	0,000449	-0,0491975
0,000452	2,43902	0,000452	0,213946	0,000452	-0,0126632
0,000455	2,41214	0,000455	0,262712	0,000455	0,026929
0,000459	2,35034	0,000459	0,30842	0,000459	0,0644289
0,000462	2,27357	0,000462	0,350588	0,000462	0,101446
0,000465	2,17136	0,000465	0,389053	0,000465	0,135244
0,000469	2,03665	0,000469	0,423334	0,000469	0,171135
0,000472	1,88359	0,000472	0,452787	0,000472	0,203646
0,000475	1,71701	0,000475	0,477573	0,000475	0,2368
0,000478	1,52227	0,000478	0,497047	0,000478	0,26062
0,000482	1,31304	0,000482	0,511371	0,000482	0,28798
0,000485	1,09222	0,000485	0,519901	0,000485	0,305684
0,000488	0,855471	0,000488	0,522959	0,000488	0,329021
0,000492	0,615502	0,000492	0,519901	0,000492	0,345759
0,000495	0,364429	0,000495	0,51121	0,000495	0,353967
0,000498	0,109171	0,000498	0,496564	0,000498	0,355416
0,000502	-0,144315	0,000502	0,476929	0,000502	0,362015
0,000505	-0,397158	0,000505	0,451017	0,000505	0,367809
0,000508	-0,643241	0,000508	0,421081	0,000508	0,360566
0,000511	-0,890289	0,000511	0,385834	0,000511	0,349783
0,000515	-1,12366	0,000515	0,346403	0,000515	0,338678
0,000518	-1,34737	0,000518	0,30327	0,000518	0,325802
0,000521	-1,55482	0,000521	0,256435	0,000521	0,304236
0,000525	-1,7449	0,000525	0,206382	0,000525	0,284118
0,000528	-1,91727	0,000528	0,155201	0,000528	0,256274
0,000531	-2,06695	0,000531	0,101768	0,000531	0,232133
0,000535	-2,19989	0,000535	0,047047	0,000535	0,198495
0,000538	-2,30659	0,000538	-0,00847868	0,000538	0,165663
0,000541	-2,38819	0,000541	-0,0633606	0,000541	0,131543
0,000544	-2,44838	0,000544	-0,117921	0,000544	0,0988709
0,000548	-2,47108	0,000548	-0,171515	0,000548	0,0571865
0,000551	-2,47832	0,000551	-0,222856	0,000551	0,0201693
0,000554	-2,45579	0,000554	-0,272427	0,000554	-0,0231246
0,000558	-2,41185	0,000558	-0,318939	0,000558	-0,0559571
0,000561	-2,33621	0,000561	-0,362233	0,000561	-0,096515
0,000564	-2,23546	0,000564	-0,401503	0,000564	-0,128543
0,000568	-2,10976	0,000568	-0,436911	0,000568	-0,161697
0,000571	-1,96266	0,000571	-0,467973	0,000571	-0,192116
0,000574	-1,79914	0,000574	-0,494529	0,000574	-0,226558
0,000577	-1,61856	0,000577	-0,515291	0,000577	-0,251343
0,000581	-1,40917	0,000581	-0,531063	0,000581	-0,275967
0,000584	-1,1964	0,000584	-0,541524	0,000584	-0,301879
0,000587	-0,961909	0,000587	-0,546192	0,000587	-0,323446
0,000591	-0,724356	0,000591	-0,545226	0,000591	-0,336321
0,000594	-0,475859	0,000594	-0,538145	0,000594	-0,349519
0,000597	-0,219154	0,000597	-0,52543	0,000597	-0,362555
0,000601	0,0312745	0,000601	-0,506922	0,000601	-0,363038
0,000604	0,287015	0,000604	-0,483102	0,000604	-0,36175
0,000607	0,539053	0,000607	-0,454293	0,000607	-0,359658
0,00061	0,786747	0,00061	-0,420817	0,00061	-0,353542
0,000614	1,02028	0,000614	-0,38219	0,000614	-0,344207
0,000617	1,24721	0,000617	-0,340184	0,000617	-0,330688
0,00062	1,46175	0,00062	-0,294315	0,00062	-0,311536
0,000624	1,65714	0,000624	-0,24571	0,000624	-0,291257
0,000627	1,83402	0,000627	-0,19453	0,000627	-0,266311
0,00063	1,99448	0,00063	-0,141901	0,00063	-0,238628
0,000634	2,12968	0,000634	-0,0873412	0,000634	-0,209658
0,000637	2,24347	0,000637	-0,0324593	0,000637	-0,177792
0,00064	2,33392	0,00064	0,0225835	0,00064	-0,141579
0,000643	2,39717	0,000643	0,0774654	0,000643	-0,106815
0,000647	2,43516	0,000647	0,131543	0,000647	-0,0747876
0,00065	2,45254	0,00065	0,183367	0,00065	-0,0306889
0,000653	2,43387	0,000653	0,233581	0,000653	0,00681099
0,000657	2,39363	0,000657	0,281382	0,000657	0,04415
