2.16476
2.16473
2.1646
2.06673
2.1646
2.16456
2.16457
2.16461
2.09443
2.16443
2.16448
2.16448
2.16454
2.16447
2.16444
2.16438
2.16432
2.16443
2.16436
2.16429
2.16444
2.16429
2.16432
2.16438
2.1644
2.16437
2.16442
2.16431
2.1642
2.1641
2.16396
2.16421
2.16407
2.1641
2.16409
2.16417
2.16408
2.1641
2.16398
2.16405
2.16401
2.16412
2.1641
2.164
2.16394
2.16394
2.16393
1.92181
2.16377
2.16382
2.16387
2.1639
2.16373
2.16381
2.16376
2.16387
2.16385
2.1637
2.16366
2.16373
2.16365
2.16376
2.16358
2.16357
2.16355
2.16363
2.16345
2.1635
2.16341
2.1635
2.16343
1.77316
2.1634
2.16342
2.16344
2.16336
2.14062
2.16329
2.1633
2.16335
2.16327
2.16326
2.16326
2.16332
2.16319
2.16321
2.16323
2.16316
2.16313
2.16315
2.16306
2.163
2.16309
2.16315
2.16317
2.16307
