100.515 1.62546
200.05 1.626
200.044 1.62599
200.047 1.62609
300.077 1.60829
300.075 1.60828
300.076 1.60832
399.912 1.58557
399.915 1.58547
399.913 1.58552
399.914 1.58545
499.94 1.55826
499.94 1.55833
499.939 1.55829
599.962 1.52761
599.964 1.52763
599.964 1.52766
699.988 1.49406
699.988 1.49427
699.989 1.49425
699.99 1.49426
800.016 1.45878
800.014 1.45882
800.015 1.45881
900.04 1.42203
900.042 1.42217
900.041 1.42223
1000.07 1.38479
1000.07 1.3848
1000.06 1.38491
1100.09 1.34699
1100.09 1.34719
1100.09 1.34726
1199.93 1.30965
1199.93 1.30981
1199.93 1.30983
1199.93 1.30987
1299.96 1.27288
1299.95 1.27293
1299.95 1.27292
1399.98 1.23631
1399.98 1.23661
1399.98 1.2366
1500.01 1.20096
1500.01 1.2012
1500.01 1.20126
1500 1.20124
1600.03 1.16659
1600.03 1.16682
1600.03 1.16688
1700.06 1.13326
1700.05 1.13344
1700.05 1.13351
1800.08 1.10113
1800.08 1.10142
1800.08 1.10153
1800.08 1.10154
1900.1 1.07023
1900.1 1.07048
1900.11 1.07058
1999.95 1.04058
1999.94 1.04084
1999.94 1.04087
2099.97 1.0122
2099.97 1.01229
2099.97 1.01233
2199.99 0.984605
2199.99 0.98489
2199.99 0.984852
2300.02 0.958264
2300.02 0.958515
2300.02 0.958617
2300.02 0.958652
2400.04 0.933327
2400.04 0.933398
2400.04 0.933439
2500.07 0.908998
2500.07 0.909232
2500.07 0.909344
2600.09 0.885909
2600.09 0.886093
2600.1 0.886176
2600.09 0.886241
2700.12 0.863744
2700.12 0.863982
2700.12 0.86404
2799.96 0.842583
2799.96 0.842782
2799.96 0.842829
2899.98 0.82222
2899.98 0.822487
2899.98 0.822535
2899.98 0.822581
3000.01 0.802693
3000.01 0.802975
3000.01 0.802969
3100.03 0.784044
3100.03 0.784194
3100.03 0.784279
3100.03 0.784347
3200.06 0.766293
3200.06 0.76636
3200.06 0.766394
3300.08 0.74892
3300.09 0.749099
3300.08 0.749169
3400.11 0.732349
3400.11 0.732555
3400.11 0.73261
3400.11 0.732537
3499.95 0.716507
3499.95 0.716645
3499.95 0.716733
3599.97 0.701255
3599.97 0.701412
3599.97 0.701458
3700 0.686594
3700 0.68671
3700 0.686781
3700 0.68681
3800.02 0.67249
3800.02 0.672621
3800.02 0.672658
3900.05 0.658869
3900.05 0.65903
3900.05 0.659109
4000.08 0.645792
4000.07 0.645931
4000.07 0.645967
4000.07 0.646041
4100.1 0.633235
4100.1 0.633341
4100.09 0.633411
4200.12 0.621045
4200.13 0.621198
4200.13 0.621279
4200.12 0.621243
4299.96 0.609472
4299.97 0.609553
4299.96 0.609557
4399.99 0.598048
4399.99 0.59817
4399.99 0.598233
4500.01 0.587135
4500.01 0.587249
4500.01 0.587292
4500.01 0.587336
4600.04 0.576597
4600.04 0.576734
4600.04 0.576751
4700.06 0.5664
4700.06 0.56652
4700.06 0.566543
4800.09 0.556561
4800.09 0.556657
4800.09 0.556721
4800.09 0.556753
4900.11 0.547048
4900.11 0.547164
4900.11 0.547194
5000.14 0.537801
5000.14 0.53794
5000.14 0.537963
